1 11 1 3
2 16 2 3
3 17 1 4
4 17 1 5
5 17 1 6
6 22 3 7
7 22 3 8
8 13 9 11
9 16 10 11
10 22 9 12
11 22 9 13
12 22 11 14
13 22 11 15
14 13 16 18
15 16 17 18
16 22 16 19
17 22 16 20
18 22 18 21
19 22 18 22
20 13 23 25
21 16 24 25
22 22 23 26
23 22 23 27
24 22 25 28
25 22 25 29
26 13 30 32
27 16 31 32
28 22 30 33
29 22 30 34
30 22 32 35
31 22 32 36
32 13 37 39
33 16 38 39
34 22 37 40
35 22 37 41
36 22 39 42
37 22 39 43
38 13 44 46
39 16 45 46
40 22 44 47
41 22 44 48
42 22 46 49
43 22 46 50
44 13 51 53
45 16 52 53
46 22 51 54
47 22 51 55
48 22 53 56
49 22 53 57
50 13 58 60
51 16 59 60
52 22 58 61
53 22 58 62
54 22 60 63
55 22 60 64
56 13 65 67
57 16 66 67
58 22 65 68
59 22 65 69
60 22 67 70
61 22 67 71
62 13 72 74
63 16 73 74
64 22 72 75
65 22 72 76
66 22 74 77
67 22 74 78
68 13 79 81
69 16 80 81
70 22 79 82
71 22 79 83
72 22 81 84
73 22 81 85
74 13 86 88
75 16 87 88
76 22 86 89
77 22 86 90
78 22 88 91
79 22 88 92
80 13 93 95
81 16 94 95
82 22 93 96
83 22 93 97
84 22 95 98
85 22 95 99
86 13 100 102
87 16 101 102
88 22 100 103
89 22 100 104
90 22 102 105
91 22 102 106
92 13 107 109
93 16 108 109
94 22 107 110
95 22 107 111
96 22 109 112
97 22 109 113
98 13 114 116
99 16 115 116
100 22 114 117
101 22 114 118
102 22 116 119
103 22 116 120
104 13 121 123
105 16 122 123
106 22 121 124
107 22 121 125
108 22 123 126
109 22 123 127
110 13 128 130
111 16 129 130
112 22 128 131
113 22 128 132
114 22 130 133
115 22 130 134
116 13 135 137
117 16 136 137
118 22 135 138
119 22 135 139
120 22 137 140
121 22 137 141
122 13 142 144
123 16 143 144
124 22 142 145
125 22 142 146
126 22 144 147
127 22 144 148
128 13 149 151
129 16 150 151
130 22 149 152
131 22 149 153
132 22 151 154
133 22 151 155
134 13 156 158
135 16 157 158
136 22 156 159
137 22 156 160
138 22 158 161
139 22 158 162
140 13 163 165
141 16 164 165
142 22 163 166
143 22 163 167
144 22 165 168
145 22 165 169
146 13 170 172
147 16 171 172
148 22 170 173
149 22 170 174
150 22 172 175
151 22 172 176
152 13 177 179
153 16 178 179
154 22 177 180
155 22 177 181
156 22 179 182
157 22 179 183
158 13 184 186
159 16 185 186
160 22 184 187
161 22 184 188
162 22 186 189
163 22 186 190
164 13 191 193
165 16 192 193
166 22 191 194
167 22 191 195
168 22 193 196
169 22 193 197
170 13 198 200
171 16 199 200
172 22 198 201
173 22 198 202
174 22 200 203
175 22 200 204
176 13 205 207
177 16 206 207
178 22 205 208
179 22 205 209
180 22 207 210
181 22 207 211
182 13 212 214
183 16 213 214
184 22 212 215
185 22 212 216
186 22 214 217
187 22 214 218
188 13 219 221
189 16 220 221
190 22 219 222
191 22 219 223
192 22 221 224
193 22 221 225
194 13 226 228
195 16 227 228
196 22 226 229
197 22 226 230
198 22 228 231
199 22 228 232
200 13 233 235
201 16 234 235
202 22 233 236
203 22 233 237
204 22 235 238
205 22 235 239
206 13 240 242
207 16 241 242
208 22 240 243
209 22 240 244
210 22 242 245
211 22 242 246
212 13 247 249
213 16 248 249
214 22 247 250
215 22 247 251
216 22 249 252
217 22 249 253
218 13 254 256
219 16 255 256
220 22 254 257
221 22 254 258
222 22 256 259
223 22 256 260
224 13 261 263
225 16 262 263
226 22 261 264
227 22 261 265
228 22 263 266
229 22 263 267
230 13 268 270
231 16 269 270
232 22 268 271
233 22 268 272
234 22 270 273
235 22 270 274
236 13 275 277
237 16 276 277
238 22 275 278
239 22 275 279
240 22 277 280
241 22 277 281
242 13 282 284
243 16 283 284
244 22 282 285
245 22 282 286
246 22 284 287
247 22 284 288
248 13 289 291
249 16 290 291
250 22 289 292
251 22 289 293
252 22 291 294
253 22 291 295
254 13 296 298
255 16 297 298
256 22 296 299
257 22 296 300
258 22 298 301
259 22 298 302
260 13 303 305
261 16 304 305
262 22 303 306
263 22 303 307
264 22 305 308
265 22 305 309
266 13 310 312
267 16 311 312
268 22 310 313
269 22 310 314
270 22 312 315
271 22 312 316
272 13 317 319
273 16 318 319
274 22 317 320
275 22 317 321
276 22 319 322
277 22 319 323
278 13 324 326
279 16 325 326
280 22 324 327
281 22 324 328
282 22 326 329
283 22 326 330
284 13 331 333
285 16 332 333
286 22 331 334
287 22 331 335
288 22 333 336
289 22 333 337
290 13 338 340
291 16 339 340
292 22 338 341
293 22 338 342
294 22 340 343
295 22 340 344
296 12 345 346
297 3 346 347
298 21 345 348
299 21 345 349
300 19 346 350
301 19 346 351
302 1 347 352
303 16 2 9
304 16 10 16
305 16 17 23
306 16 24 30
307 16 31 37
308 16 38 44
309 16 45 51
310 16 52 58
311 16 59 65
312 16 66 72
313 16 73 79
314 16 80 86
315 16 87 93
316 16 94 100
317 16 101 107
318 16 108 114
319 16 115 121
320 16 122 128
321 16 129 135
322 16 136 142
323 16 143 149
324 16 150 156
325 16 157 163
326 16 164 170
327 16 171 177
328 16 178 184
329 16 185 191
330 16 192 198
331 16 199 205
332 16 206 212
333 16 213 219
334 16 220 226
335 16 227 233
336 16 234 240
337 16 241 247
338 16 248 254
339 16 255 261
340 16 262 268
341 16 269 275
342 16 276 282
343 16 283 289
344 16 290 296
345 16 297 303
346 16 304 310
347 16 311 317
348 16 318 324
349 16 325 331
350 16 332 338
351 16 339 345
352 11 353 355
353 16 354 355
354 17 353 356
355 17 353 357
356 17 353 358
357 22 355 359
358 22 355 360
359 13 361 363
360 16 362 363
361 22 361 364
362 22 361 365
363 22 363 366
364 22 363 367
365 13 368 370
366 16 369 370
367 22 368 371
368 22 368 372
369 22 370 373
370 22 370 374
371 13 375 377
372 16 376 377
373 22 375 378
374 22 375 379
375 22 377 380
376 22 377 381
377 13 382 384
378 16 383 384
379 22 382 385
380 22 382 386
381 22 384 387
382 22 384 388
383 13 389 391
384 16 390 391
385 22 389 392
386 22 389 393
387 22 391 394
388 22 391 395
389 13 396 398
390 16 397 398
391 22 396 399
392 22 396 400
393 22 398 401
394 22 398 402
395 13 403 405
396 16 404 405
397 22 403 406
398 22 403 407
399 22 405 408
400 22 405 409
401 13 410 412
402 16 411 412
403 22 410 413
404 22 410 414
405 22 412 415
406 22 412 416
407 13 417 419
408 16 418 419
409 22 417 420
410 22 417 421
411 22 419 422
412 22 419 423
413 13 424 426
414 16 425 426
415 22 424 427
416 22 424 428
417 22 426 429
418 22 426 430
419 13 431 433
420 16 432 433
421 22 431 434
422 22 431 435
423 22 433 436
424 22 433 437
425 13 438 440
426 16 439 440
427 22 438 441
428 22 438 442
429 22 440 443
430 22 440 444
431 13 445 447
432 16 446 447
433 22 445 448
434 22 445 449
435 22 447 450
436 22 447 451
437 13 452 454
438 16 453 454
439 22 452 455
440 22 452 456
441 22 454 457
442 22 454 458
443 13 459 461
444 16 460 461
445 22 459 462
446 22 459 463
447 22 461 464
448 22 461 465
449 13 466 468
450 16 467 468
451 22 466 469
452 22 466 470
453 22 468 471
454 22 468 472
455 13 473 475
456 16 474 475
457 22 473 476
458 22 473 477
459 22 475 478
460 22 475 479
461 13 480 482
462 16 481 482
463 22 480 483
464 22 480 484
465 22 482 485
466 22 482 486
467 13 487 489
468 16 488 489
469 22 487 490
470 22 487 491
471 22 489 492
472 22 489 493
473 13 494 496
474 16 495 496
475 22 494 497
476 22 494 498
477 22 496 499
478 22 496 500
479 13 501 503
480 16 502 503
481 22 501 504
482 22 501 505
483 22 503 506
484 22 503 507
485 13 508 510
486 16 509 510
487 22 508 511
488 22 508 512
489 22 510 513
490 22 510 514
491 13 515 517
492 16 516 517
493 22 515 518
494 22 515 519
495 22 517 520
496 22 517 521
497 13 522 524
498 16 523 524
499 22 522 525
500 22 522 526
501 22 524 527
502 22 524 528
503 13 529 531
504 16 530 531
505 22 529 532
506 22 529 533
507 22 531 534
508 22 531 535
509 13 536 538
510 16 537 538
511 22 536 539
512 22 536 540
513 22 538 541
514 22 538 542
515 13 543 545
516 16 544 545
517 22 543 546
518 22 543 547
519 22 545 548
520 22 545 549
521 13 550 552
522 16 551 552
523 22 550 553
524 22 550 554
525 22 552 555
526 22 552 556
527 13 557 559
528 16 558 559
529 22 557 560
530 22 557 561
531 22 559 562
532 22 559 563
533 13 564 566
534 16 565 566
535 22 564 567
536 22 564 568
537 22 566 569
538 22 566 570
539 13 571 573
540 16 572 573
541 22 571 574
542 22 571 575
543 22 573 576
544 22 573 577
545 13 578 580
546 16 579 580
547 22 578 581
548 22 578 582
549 22 580 583
550 22 580 584
551 13 585 587
552 16 586 587
553 22 585 588
554 22 585 589
555 22 587 590
556 22 587 591
557 13 592 594
558 16 593 594
559 22 592 595
560 22 592 596
561 22 594 597
562 22 594 598
563 13 599 601
564 16 600 601
565 22 599 602
566 22 599 603
567 22 601 604
568 22 601 605
569 13 606 608
570 16 607 608
571 22 606 609
572 22 606 610
573 22 608 611
574 22 608 612
575 13 613 615
576 16 614 615
577 22 613 616
578 22 613 617
579 22 615 618
580 22 615 619
581 13 620 622
582 16 621 622
583 22 620 623
584 22 620 624
585 22 622 625
586 22 622 626
587 13 627 629
588 16 628 629
589 22 627 630
590 22 627 631
591 22 629 632
592 22 629 633
593 13 634 636
594 16 635 636
595 22 634 637
596 22 634 638
597 22 636 639
598 22 636 640
599 13 641 643
600 16 642 643
601 22 641 644
602 22 641 645
603 22 643 646
604 22 643 647
605 13 648 650
606 16 649 650
607 22 648 651
608 22 648 652
609 22 650 653
610 22 650 654
611 13 655 657
612 16 656 657
613 22 655 658
614 22 655 659
615 22 657 660
616 22 657 661
617 13 662 664
618 16 663 664
619 22 662 665
620 22 662 666
621 22 664 667
622 22 664 668
623 13 669 671
624 16 670 671
625 22 669 672
626 22 669 673
627 22 671 674
628 22 671 675
629 13 676 678
630 16 677 678
631 22 676 679
632 22 676 680
633 22 678 681
634 22 678 682
635 13 683 685
636 16 684 685
637 22 683 686
638 22 683 687
639 22 685 688
640 22 685 689
641 13 690 692
642 16 691 692
643 22 690 693
644 22 690 694
645 22 692 695
646 22 692 696
647 12 697 698
648 3 698 699
649 21 697 700
650 21 697 701
651 19 698 702
652 19 698 703
653 1 699 704
654 16 354 361
655 16 362 368
656 16 369 375
657 16 376 382
658 16 383 389
659 16 390 396
660 16 397 403
661 16 404 410
662 16 411 417
663 16 418 424
664 16 425 431
665 16 432 438
666 16 439 445
667 16 446 452
668 16 453 459
669 16 460 466
670 16 467 473
671 16 474 480
672 16 481 487
673 16 488 494
674 16 495 501
675 16 502 508
676 16 509 515
677 16 516 522
678 16 523 529
679 16 530 536
680 16 537 543
681 16 544 550
682 16 551 557
683 16 558 564
684 16 565 571
685 16 572 578
686 16 579 585
687 16 586 592
688 16 593 599
689 16 600 606
690 16 607 613
691 16 614 620
692 16 621 627
693 16 628 634
694 16 635 641
695 16 642 648
696 16 649 655
697 16 656 662
698 16 663 669
699 16 670 676
700 16 677 683
701 16 684 690
702 16 691 697
703 11 705 707
704 16 706 707
705 17 705 708
706 17 705 709
707 17 705 710
708 22 707 711
709 22 707 712
710 13 713 715
711 16 714 715
712 22 713 716
713 22 713 717
714 22 715 718
715 22 715 719
716 13 720 722
717 16 721 722
718 22 720 723
719 22 720 724
720 22 722 725
721 22 722 726
722 13 727 729
723 16 728 729
724 22 727 730
725 22 727 731
726 22 729 732
727 22 729 733
728 13 734 736
729 16 735 736
730 22 734 737
731 22 734 738
732 22 736 739
733 22 736 740
734 13 741 743
735 16 742 743
736 22 741 744
737 22 741 745
738 22 743 746
739 22 743 747
740 13 748 750
741 16 749 750
742 22 748 751
743 22 748 752
744 22 750 753
745 22 750 754
746 13 755 757
747 16 756 757
748 22 755 758
749 22 755 759
750 22 757 760
751 22 757 761
752 13 762 764
753 16 763 764
754 22 762 765
755 22 762 766
756 22 764 767
757 22 764 768
758 13 769 771
759 16 770 771
760 22 769 772
761 22 769 773
762 22 771 774
763 22 771 775
764 13 776 778
765 16 777 778
766 22 776 779
767 22 776 780
768 22 778 781
769 22 778 782
770 13 783 785
771 16 784 785
772 22 783 786
773 22 783 787
774 22 785 788
775 22 785 789
776 13 790 792
777 16 791 792
778 22 790 793
779 22 790 794
780 22 792 795
781 22 792 796
782 13 797 799
783 16 798 799
784 22 797 800
785 22 797 801
786 22 799 802
787 22 799 803
788 13 804 806
789 16 805 806
790 22 804 807
791 22 804 808
792 22 806 809
793 22 806 810
794 13 811 813
795 16 812 813
796 22 811 814
797 22 811 815
798 22 813 816
799 22 813 817
800 13 818 820
801 16 819 820
802 22 818 821
803 22 818 822
804 22 820 823
805 22 820 824
806 13 825 827
807 16 826 827
808 22 825 828
809 22 825 829
810 22 827 830
811 22 827 831
812 13 832 834
813 16 833 834
814 22 832 835
815 22 832 836
816 22 834 837
817 22 834 838
818 13 839 841
819 16 840 841
820 22 839 842
821 22 839 843
822 22 841 844
823 22 841 845
824 13 846 848
825 16 847 848
826 22 846 849
827 22 846 850
828 22 848 851
829 22 848 852
830 13 853 855
831 16 854 855
832 22 853 856
833 22 853 857
834 22 855 858
835 22 855 859
836 13 860 862
837 16 861 862
838 22 860 863
839 22 860 864
840 22 862 865
841 22 862 866
842 13 867 869
843 16 868 869
844 22 867 870
845 22 867 871
846 22 869 872
847 22 869 873
848 13 874 876
849 16 875 876
850 22 874 877
851 22 874 878
852 22 876 879
853 22 876 880
854 13 881 883
855 16 882 883
856 22 881 884
857 22 881 885
858 22 883 886
859 22 883 887
860 13 888 890
861 16 889 890
862 22 888 891
863 22 888 892
864 22 890 893
865 22 890 894
866 13 895 897
867 16 896 897
868 22 895 898
869 22 895 899
870 22 897 900
871 22 897 901
872 13 902 904
873 16 903 904
874 22 902 905
875 22 902 906
876 22 904 907
877 22 904 908
878 13 909 911
879 16 910 911
880 22 909 912
881 22 909 913
882 22 911 914
883 22 911 915
884 13 916 918
885 16 917 918
886 22 916 919
887 22 916 920
888 22 918 921
889 22 918 922
890 13 923 925
891 16 924 925
892 22 923 926
893 22 923 927
894 22 925 928
895 22 925 929
896 13 930 932
897 16 931 932
898 22 930 933
899 22 930 934
900 22 932 935
901 22 932 936
902 13 937 939
903 16 938 939
904 22 937 940
905 22 937 941
906 22 939 942
907 22 939 943
908 13 944 946
909 16 945 946
910 22 944 947
911 22 944 948
912 22 946 949
913 22 946 950
914 13 951 953
915 16 952 953
916 22 951 954
917 22 951 955
918 22 953 956
919 22 953 957
920 13 958 960
921 16 959 960
922 22 958 961
923 22 958 962
924 22 960 963
925 22 960 964
926 13 965 967
927 16 966 967
928 22 965 968
929 22 965 969
930 22 967 970
931 22 967 971
932 13 972 974
933 16 973 974
934 22 972 975
935 22 972 976
936 22 974 977
937 22 974 978
938 13 979 981
939 16 980 981
940 22 979 982
941 22 979 983
942 22 981 984
943 22 981 985
944 13 986 988
945 16 987 988
946 22 986 989
947 22 986 990
948 22 988 991
949 22 988 992
950 13 993 995
951 16 994 995
952 22 993 996
953 22 993 997
954 22 995 998
955 22 995 999
956 13 1000 1002
957 16 1001 1002
958 22 1000 1003
959 22 1000 1004
960 22 1002 1005
961 22 1002 1006
962 13 1007 1009
963 16 1008 1009
964 22 1007 1010
965 22 1007 1011
966 22 1009 1012
967 22 1009 1013
968 13 1014 1016
969 16 1015 1016
970 22 1014 1017
971 22 1014 1018
972 22 1016 1019
973 22 1016 1020
974 13 1021 1023
975 16 1022 1023
976 22 1021 1024
977 22 1021 1025
978 22 1023 1026
979 22 1023 1027
980 13 1028 1030
981 16 1029 1030
982 22 1028 1031
983 22 1028 1032
984 22 1030 1033
985 22 1030 1034
986 13 1035 1037
987 16 1036 1037
988 22 1035 1038
989 22 1035 1039
990 22 1037 1040
991 22 1037 1041
992 13 1042 1044
993 16 1043 1044
994 22 1042 1045
995 22 1042 1046
996 22 1044 1047
997 22 1044 1048
998 12 1049 1050
999 3 1050 1051
1000 21 1049 1052
1001 21 1049 1053
1002 19 1050 1054
1003 19 1050 1055
1004 1 1051 1056
1005 16 706 713
1006 16 714 720
1007 16 721 727
1008 16 728 734
1009 16 735 741
1010 16 742 748
1011 16 749 755
1012 16 756 762
1013 16 763 769
1014 16 770 776
1015 16 777 783
1016 16 784 790
1017 16 791 797
1018 16 798 804
1019 16 805 811
1020 16 812 818
1021 16 819 825
1022 16 826 832
1023 16 833 839
1024 16 840 846
1025 16 847 853
1026 16 854 860
1027 16 861 867
1028 16 868 874
1029 16 875 881
1030 16 882 888
1031 16 889 895
1032 16 896 902
1033 16 903 909
1034 16 910 916
1035 16 917 923
1036 16 924 930
1037 16 931 937
1038 16 938 944
1039 16 945 951
1040 16 952 958
1041 16 959 965
1042 16 966 972
1043 16 973 979
1044 16 980 986
1045 16 987 993
1046 16 994 1000
1047 16 1001 1007
1048 16 1008 1014
1049 16 1015 1021
1050 16 1022 1028
1051 16 1029 1035
1052 16 1036 1042
1053 16 1043 1049
1054 11 1057 1059
1055 16 1058 1059
1056 17 1057 1060
1057 17 1057 1061
1058 17 1057 1062
1059 22 1059 1063
1060 22 1059 1064
1061 13 1065 1067
1062 16 1066 1067
1063 22 1065 1068
1064 22 1065 1069
1065 22 1067 1070
1066 22 1067 1071
1067 13 1072 1074
1068 16 1073 1074
1069 22 1072 1075
1070 22 1072 1076
1071 22 1074 1077
1072 22 1074 1078
1073 13 1079 1081
1074 16 1080 1081
1075 22 1079 1082
1076 22 1079 1083
1077 22 1081 1084
1078 22 1081 1085
1079 13 1086 1088
1080 16 1087 1088
1081 22 1086 1089
1082 22 1086 1090
1083 22 1088 1091
1084 22 1088 1092
1085 13 1093 1095
1086 16 1094 1095
1087 22 1093 1096
1088 22 1093 1097
1089 22 1095 1098
1090 22 1095 1099
1091 13 1100 1102
1092 16 1101 1102
1093 22 1100 1103
1094 22 1100 1104
1095 22 1102 1105
1096 22 1102 1106
1097 13 1107 1109
1098 16 1108 1109
1099 22 1107 1110
1100 22 1107 1111
1101 22 1109 1112
1102 22 1109 1113
1103 13 1114 1116
1104 16 1115 1116
1105 22 1114 1117
1106 22 1114 1118
1107 22 1116 1119
1108 22 1116 1120
1109 13 1121 1123
1110 16 1122 1123
1111 22 1121 1124
1112 22 1121 1125
1113 22 1123 1126
1114 22 1123 1127
1115 13 1128 1130
1116 16 1129 1130
1117 22 1128 1131
1118 22 1128 1132
1119 22 1130 1133
1120 22 1130 1134
1121 13 1135 1137
1122 16 1136 1137
1123 22 1135 1138
1124 22 1135 1139
1125 22 1137 1140
1126 22 1137 1141
1127 13 1142 1144
1128 16 1143 1144
1129 22 1142 1145
1130 22 1142 1146
1131 22 1144 1147
1132 22 1144 1148
1133 13 1149 1151
1134 16 1150 1151
1135 22 1149 1152
1136 22 1149 1153
1137 22 1151 1154
1138 22 1151 1155
1139 13 1156 1158
1140 16 1157 1158
1141 22 1156 1159
1142 22 1156 1160
1143 22 1158 1161
1144 22 1158 1162
1145 13 1163 1165
1146 16 1164 1165
1147 22 1163 1166
1148 22 1163 1167
1149 22 1165 1168
1150 22 1165 1169
1151 13 1170 1172
1152 16 1171 1172
1153 22 1170 1173
1154 22 1170 1174
1155 22 1172 1175
1156 22 1172 1176
1157 13 1177 1179
1158 16 1178 1179
1159 22 1177 1180
1160 22 1177 1181
1161 22 1179 1182
1162 22 1179 1183
1163 13 1184 1186
1164 16 1185 1186
1165 22 1184 1187
1166 22 1184 1188
1167 22 1186 1189
1168 22 1186 1190
1169 13 1191 1193
1170 16 1192 1193
1171 22 1191 1194
1172 22 1191 1195
1173 22 1193 1196
1174 22 1193 1197
1175 13 1198 1200
1176 16 1199 1200
1177 22 1198 1201
1178 22 1198 1202
1179 22 1200 1203
1180 22 1200 1204
1181 13 1205 1207
1182 16 1206 1207
1183 22 1205 1208
1184 22 1205 1209
1185 22 1207 1210
1186 22 1207 1211
1187 13 1212 1214
1188 16 1213 1214
1189 22 1212 1215
1190 22 1212 1216
1191 22 1214 1217
1192 22 1214 1218
1193 13 1219 1221
1194 16 1220 1221
1195 22 1219 1222
1196 22 1219 1223
1197 22 1221 1224
1198 22 1221 1225
1199 13 1226 1228
1200 16 1227 1228
1201 22 1226 1229
1202 22 1226 1230
1203 22 1228 1231
1204 22 1228 1232
1205 13 1233 1235
1206 16 1234 1235
1207 22 1233 1236
1208 22 1233 1237
1209 22 1235 1238
1210 22 1235 1239
1211 13 1240 1242
1212 16 1241 1242
1213 22 1240 1243
1214 22 1240 1244
1215 22 1242 1245
1216 22 1242 1246
1217 13 1247 1249
1218 16 1248 1249
1219 22 1247 1250
1220 22 1247 1251
1221 22 1249 1252
1222 22 1249 1253
1223 13 1254 1256
1224 16 1255 1256
1225 22 1254 1257
1226 22 1254 1258
1227 22 1256 1259
1228 22 1256 1260
1229 13 1261 1263
1230 16 1262 1263
1231 22 1261 1264
1232 22 1261 1265
1233 22 1263 1266
1234 22 1263 1267
1235 13 1268 1270
1236 16 1269 1270
1237 22 1268 1271
1238 22 1268 1272
1239 22 1270 1273
1240 22 1270 1274
1241 13 1275 1277
1242 16 1276 1277
1243 22 1275 1278
1244 22 1275 1279
1245 22 1277 1280
1246 22 1277 1281
1247 13 1282 1284
1248 16 1283 1284
1249 22 1282 1285
1250 22 1282 1286
1251 22 1284 1287
1252 22 1284 1288
1253 13 1289 1291
1254 16 1290 1291
1255 22 1289 1292
1256 22 1289 1293
1257 22 1291 1294
1258 22 1291 1295
1259 13 1296 1298
1260 16 1297 1298
1261 22 1296 1299
1262 22 1296 1300
1263 22 1298 1301
1264 22 1298 1302
1265 13 1303 1305
1266 16 1304 1305
1267 22 1303 1306
1268 22 1303 1307
1269 22 1305 1308
1270 22 1305 1309
1271 13 1310 1312
1272 16 1311 1312
1273 22 1310 1313
1274 22 1310 1314
1275 22 1312 1315
1276 22 1312 1316
1277 13 1317 1319
1278 16 1318 1319
1279 22 1317 1320
1280 22 1317 1321
1281 22 1319 1322
1282 22 1319 1323
1283 13 1324 1326
1284 16 1325 1326
1285 22 1324 1327
1286 22 1324 1328
1287 22 1326 1329
1288 22 1326 1330
1289 13 1331 1333
1290 16 1332 1333
1291 22 1331 1334
1292 22 1331 1335
1293 22 1333 1336
1294 22 1333 1337
1295 13 1338 1340
1296 16 1339 1340
1297 22 1338 1341
1298 22 1338 1342
1299 22 1340 1343
1300 22 1340 1344
1301 13 1345 1347
1302 16 1346 1347
1303 22 1345 1348
1304 22 1345 1349
1305 22 1347 1350
1306 22 1347 1351
1307 13 1352 1354
1308 16 1353 1354
1309 22 1352 1355
1310 22 1352 1356
1311 22 1354 1357
1312 22 1354 1358
1313 13 1359 1361
1314 16 1360 1361
1315 22 1359 1362
1316 22 1359 1363
1317 22 1361 1364
1318 22 1361 1365
1319 13 1366 1368
1320 16 1367 1368
1321 22 1366 1369
1322 22 1366 1370
1323 22 1368 1371
1324 22 1368 1372
1325 13 1373 1375
1326 16 1374 1375
1327 22 1373 1376
1328 22 1373 1377
1329 22 1375 1378
1330 22 1375 1379
1331 13 1380 1382
1332 16 1381 1382
1333 22 1380 1383
1334 22 1380 1384
1335 22 1382 1385
1336 22 1382 1386
1337 13 1387 1389
1338 16 1388 1389
1339 22 1387 1390
1340 22 1387 1391
1341 22 1389 1392
1342 22 1389 1393
1343 13 1394 1396
1344 16 1395 1396
1345 22 1394 1397
1346 22 1394 1398
1347 22 1396 1399
1348 22 1396 1400
1349 12 1401 1402
1350 3 1402 1403
1351 21 1401 1404
1352 21 1401 1405
1353 19 1402 1406
1354 19 1402 1407
1355 1 1403 1408
1356 16 1058 1065
1357 16 1066 1072
1358 16 1073 1079
1359 16 1080 1086
1360 16 1087 1093
1361 16 1094 1100
1362 16 1101 1107
1363 16 1108 1114
1364 16 1115 1121
1365 16 1122 1128
1366 16 1129 1135
1367 16 1136 1142
1368 16 1143 1149
1369 16 1150 1156
1370 16 1157 1163
1371 16 1164 1170
1372 16 1171 1177
1373 16 1178 1184
1374 16 1185 1191
1375 16 1192 1198
1376 16 1199 1205
1377 16 1206 1212
1378 16 1213 1219
1379 16 1220 1226
1380 16 1227 1233
1381 16 1234 1240
1382 16 1241 1247
1383 16 1248 1254
1384 16 1255 1261
1385 16 1262 1268
1386 16 1269 1275
1387 16 1276 1282
1388 16 1283 1289
1389 16 1290 1296
1390 16 1297 1303
1391 16 1304 1310
1392 16 1311 1317
1393 16 1318 1324
1394 16 1325 1331
1395 16 1332 1338
1396 16 1339 1345
1397 16 1346 1352
1398 16 1353 1359
1399 16 1360 1366
1400 16 1367 1373
1401 16 1374 1380
1402 16 1381 1387
1403 16 1388 1394
1404 16 1395 1401
1405 11 1409 1411
1406 16 1410 1411
1407 17 1409 1412
1408 17 1409 1413
1409 17 1409 1414
1410 22 1411 1415
1411 22 1411 1416
1412 13 1417 1419
1413 16 1418 1419
1414 22 1417 1420
1415 22 1417 1421
1416 22 1419 1422
1417 22 1419 1423
1418 13 1424 1426
1419 16 1425 1426
1420 22 1424 1427
1421 22 1424 1428
1422 22 1426 1429
1423 22 1426 1430
1424 13 1431 1433
1425 16 1432 1433
1426 22 1431 1434
1427 22 1431 1435
1428 22 1433 1436
1429 22 1433 1437
1430 13 1438 1440
1431 16 1439 1440
1432 22 1438 1441
1433 22 1438 1442
1434 22 1440 1443
1435 22 1440 1444
1436 13 1445 1447
1437 16 1446 1447
1438 22 1445 1448
1439 22 1445 1449
1440 22 1447 1450
1441 22 1447 1451
1442 13 1452 1454
1443 16 1453 1454
1444 22 1452 1455
1445 22 1452 1456
1446 22 1454 1457
1447 22 1454 1458
1448 13 1459 1461
1449 16 1460 1461
1450 22 1459 1462
1451 22 1459 1463
1452 22 1461 1464
1453 22 1461 1465
1454 13 1466 1468
1455 16 1467 1468
1456 22 1466 1469
1457 22 1466 1470
1458 22 1468 1471
1459 22 1468 1472
1460 13 1473 1475
1461 16 1474 1475
1462 22 1473 1476
1463 22 1473 1477
1464 22 1475 1478
1465 22 1475 1479
1466 13 1480 1482
1467 16 1481 1482
1468 22 1480 1483
1469 22 1480 1484
1470 22 1482 1485
1471 22 1482 1486
1472 13 1487 1489
1473 16 1488 1489
1474 22 1487 1490
1475 22 1487 1491
1476 22 1489 1492
1477 22 1489 1493
1478 13 1494 1496
1479 16 1495 1496
1480 22 1494 1497
1481 22 1494 1498
1482 22 1496 1499
1483 22 1496 1500
1484 13 1501 1503
1485 16 1502 1503
1486 22 1501 1504
1487 22 1501 1505
1488 22 1503 1506
1489 22 1503 1507
1490 13 1508 1510
1491 16 1509 1510
1492 22 1508 1511
1493 22 1508 1512
1494 22 1510 1513
1495 22 1510 1514
1496 13 1515 1517
1497 16 1516 1517
1498 22 1515 1518
1499 22 1515 1519
1500 22 1517 1520
1501 22 1517 1521
1502 13 1522 1524
1503 16 1523 1524
1504 22 1522 1525
1505 22 1522 1526
1506 22 1524 1527
1507 22 1524 1528
1508 13 1529 1531
1509 16 1530 1531
1510 22 1529 1532
1511 22 1529 1533
1512 22 1531 1534
1513 22 1531 1535
1514 13 1536 1538
1515 16 1537 1538
1516 22 1536 1539
1517 22 1536 1540
1518 22 1538 1541
1519 22 1538 1542
1520 13 1543 1545
1521 16 1544 1545
1522 22 1543 1546
1523 22 1543 1547
1524 22 1545 1548
1525 22 1545 1549
1526 13 1550 1552
1527 16 1551 1552
1528 22 1550 1553
1529 22 1550 1554
1530 22 1552 1555
1531 22 1552 1556
1532 13 1557 1559
1533 16 1558 1559
1534 22 1557 1560
1535 22 1557 1561
1536 22 1559 1562
1537 22 1559 1563
1538 13 1564 1566
1539 16 1565 1566
1540 22 1564 1567
1541 22 1564 1568
1542 22 1566 1569
1543 22 1566 1570
1544 13 1571 1573
1545 16 1572 1573
1546 22 1571 1574
1547 22 1571 1575
1548 22 1573 1576
1549 22 1573 1577
1550 13 1578 1580
1551 16 1579 1580
1552 22 1578 1581
1553 22 1578 1582
1554 22 1580 1583
1555 22 1580 1584
1556 13 1585 1587
1557 16 1586 1587
1558 22 1585 1588
1559 22 1585 1589
1560 22 1587 1590
1561 22 1587 1591
1562 13 1592 1594
1563 16 1593 1594
1564 22 1592 1595
1565 22 1592 1596
1566 22 1594 1597
1567 22 1594 1598
1568 13 1599 1601
1569 16 1600 1601
1570 22 1599 1602
1571 22 1599 1603
1572 22 1601 1604
1573 22 1601 1605
1574 13 1606 1608
1575 16 1607 1608
1576 22 1606 1609
1577 22 1606 1610
1578 22 1608 1611
1579 22 1608 1612
1580 13 1613 1615
1581 16 1614 1615
1582 22 1613 1616
1583 22 1613 1617
1584 22 1615 1618
1585 22 1615 1619
1586 13 1620 1622
1587 16 1621 1622
1588 22 1620 1623
1589 22 1620 1624
1590 22 1622 1625
1591 22 1622 1626
1592 13 1627 1629
1593 16 1628 1629
1594 22 1627 1630
1595 22 1627 1631
1596 22 1629 1632
1597 22 1629 1633
1598 13 1634 1636
1599 16 1635 1636
1600 22 1634 1637
1601 22 1634 1638
1602 22 1636 1639
1603 22 1636 1640
1604 13 1641 1643
1605 16 1642 1643
1606 22 1641 1644
1607 22 1641 1645
1608 22 1643 1646
1609 22 1643 1647
1610 13 1648 1650
1611 16 1649 1650
1612 22 1648 1651
1613 22 1648 1652
1614 22 1650 1653
1615 22 1650 1654
1616 13 1655 1657
1617 16 1656 1657
1618 22 1655 1658
1619 22 1655 1659
1620 22 1657 1660
1621 22 1657 1661
1622 13 1662 1664
1623 16 1663 1664
1624 22 1662 1665
1625 22 1662 1666
1626 22 1664 1667
1627 22 1664 1668
1628 13 1669 1671
1629 16 1670 1671
1630 22 1669 1672
1631 22 1669 1673
1632 22 1671 1674
1633 22 1671 1675
1634 13 1676 1678
1635 16 1677 1678
1636 22 1676 1679
1637 22 1676 1680
1638 22 1678 1681
1639 22 1678 1682
1640 13 1683 1685
1641 16 1684 1685
1642 22 1683 1686
1643 22 1683 1687
1644 22 1685 1688
1645 22 1685 1689
1646 13 1690 1692
1647 16 1691 1692
1648 22 1690 1693
1649 22 1690 1694
1650 22 1692 1695
1651 22 1692 1696
1652 13 1697 1699
1653 16 1698 1699
1654 22 1697 1700
1655 22 1697 1701
1656 22 1699 1702
1657 22 1699 1703
1658 13 1704 1706
1659 16 1705 1706
1660 22 1704 1707
1661 22 1704 1708
1662 22 1706 1709
1663 22 1706 1710
1664 13 1711 1713
1665 16 1712 1713
1666 22 1711 1714
1667 22 1711 1715
1668 22 1713 1716
1669 22 1713 1717
1670 13 1718 1720
1671 16 1719 1720
1672 22 1718 1721
1673 22 1718 1722
1674 22 1720 1723
1675 22 1720 1724
1676 13 1725 1727
1677 16 1726 1727
1678 22 1725 1728
1679 22 1725 1729
1680 22 1727 1730
1681 22 1727 1731
1682 13 1732 1734
1683 16 1733 1734
1684 22 1732 1735
1685 22 1732 1736
1686 22 1734 1737
1687 22 1734 1738
1688 13 1739 1741
1689 16 1740 1741
1690 22 1739 1742
1691 22 1739 1743
1692 22 1741 1744
1693 22 1741 1745
1694 13 1746 1748
1695 16 1747 1748
1696 22 1746 1749
1697 22 1746 1750
1698 22 1748 1751
1699 22 1748 1752
1700 12 1753 1754
1701 3 1754 1755
1702 21 1753 1756
1703 21 1753 1757
1704 19 1754 1758
1705 19 1754 1759
1706 1 1755 1760
1707 16 1410 1417
1708 16 1418 1424
1709 16 1425 1431
1710 16 1432 1438
1711 16 1439 1445
1712 16 1446 1452
1713 16 1453 1459
1714 16 1460 1466
1715 16 1467 1473
1716 16 1474 1480
1717 16 1481 1487
1718 16 1488 1494
1719 16 1495 1501
1720 16 1502 1508
1721 16 1509 1515
1722 16 1516 1522
1723 16 1523 1529
1724 16 1530 1536
1725 16 1537 1543
1726 16 1544 1550
1727 16 1551 1557
1728 16 1558 1564
1729 16 1565 1571
1730 16 1572 1578
1731 16 1579 1585
1732 16 1586 1592
1733 16 1593 1599
1734 16 1600 1606
1735 16 1607 1613
1736 16 1614 1620
1737 16 1621 1627
1738 16 1628 1634
1739 16 1635 1641
1740 16 1642 1648
1741 16 1649 1655
1742 16 1656 1662
1743 16 1663 1669
1744 16 1670 1676
1745 16 1677 1683
1746 16 1684 1690
1747 16 1691 1697
1748 16 1698 1704
1749 16 1705 1711
1750 16 1712 1718
1751 16 1719 1725
1752 16 1726 1732
1753 16 1733 1739
1754 16 1740 1746
1755 16 1747 1753
1756 11 1761 1763
1757 16 1762 1763
1758 17 1761 1764
1759 17 1761 1765
1760 17 1761 1766
1761 22 1763 1767
1762 22 1763 1768
1763 13 1769 1771
1764 16 1770 1771
1765 22 1769 1772
1766 22 1769 1773
1767 22 1771 1774
1768 22 1771 1775
1769 13 1776 1778
1770 16 1777 1778
1771 22 1776 1779
1772 22 1776 1780
1773 22 1778 1781
1774 22 1778 1782
1775 13 1783 1785
1776 16 1784 1785
1777 22 1783 1786
1778 22 1783 1787
1779 22 1785 1788
1780 22 1785 1789
1781 13 1790 1792
1782 16 1791 1792
1783 22 1790 1793
1784 22 1790 1794
1785 22 1792 1795
1786 22 1792 1796
1787 13 1797 1799
1788 16 1798 1799
1789 22 1797 1800
1790 22 1797 1801
1791 22 1799 1802
1792 22 1799 1803
1793 13 1804 1806
1794 16 1805 1806
1795 22 1804 1807
1796 22 1804 1808
1797 22 1806 1809
1798 22 1806 1810
1799 13 1811 1813
1800 16 1812 1813
1801 22 1811 1814
1802 22 1811 1815
1803 22 1813 1816
1804 22 1813 1817
1805 13 1818 1820
1806 16 1819 1820
1807 22 1818 1821
1808 22 1818 1822
1809 22 1820 1823
1810 22 1820 1824
1811 13 1825 1827
1812 16 1826 1827
1813 22 1825 1828
1814 22 1825 1829
1815 22 1827 1830
1816 22 1827 1831
1817 13 1832 1834
1818 16 1833 1834
1819 22 1832 1835
1820 22 1832 1836
1821 22 1834 1837
1822 22 1834 1838
1823 13 1839 1841
1824 16 1840 1841
1825 22 1839 1842
1826 22 1839 1843
1827 22 1841 1844
1828 22 1841 1845
1829 13 1846 1848
1830 16 1847 1848
1831 22 1846 1849
1832 22 1846 1850
1833 22 1848 1851
1834 22 1848 1852
1835 13 1853 1855
1836 16 1854 1855
1837 22 1853 1856
1838 22 1853 1857
1839 22 1855 1858
1840 22 1855 1859
1841 13 1860 1862
1842 16 1861 1862
1843 22 1860 1863
1844 22 1860 1864
1845 22 1862 1865
1846 22 1862 1866
1847 13 1867 1869
1848 16 1868 1869
1849 22 1867 1870
1850 22 1867 1871
1851 22 1869 1872
1852 22 1869 1873
1853 13 1874 1876
1854 16 1875 1876
1855 22 1874 1877
1856 22 1874 1878
1857 22 1876 1879
1858 22 1876 1880
1859 13 1881 1883
1860 16 1882 1883
1861 22 1881 1884
1862 22 1881 1885
1863 22 1883 1886
1864 22 1883 1887
1865 13 1888 1890
1866 16 1889 1890
1867 22 1888 1891
1868 22 1888 1892
1869 22 1890 1893
1870 22 1890 1894
1871 13 1895 1897
1872 16 1896 1897
1873 22 1895 1898
1874 22 1895 1899
1875 22 1897 1900
1876 22 1897 1901
1877 13 1902 1904
1878 16 1903 1904
1879 22 1902 1905
1880 22 1902 1906
1881 22 1904 1907
1882 22 1904 1908
1883 13 1909 1911
1884 16 1910 1911
1885 22 1909 1912
1886 22 1909 1913
1887 22 1911 1914
1888 22 1911 1915
1889 13 1916 1918
1890 16 1917 1918
1891 22 1916 1919
1892 22 1916 1920
1893 22 1918 1921
1894 22 1918 1922
1895 13 1923 1925
1896 16 1924 1925
1897 22 1923 1926
1898 22 1923 1927
1899 22 1925 1928
1900 22 1925 1929
1901 13 1930 1932
1902 16 1931 1932
1903 22 1930 1933
1904 22 1930 1934
1905 22 1932 1935
1906 22 1932 1936
1907 13 1937 1939
1908 16 1938 1939
1909 22 1937 1940
1910 22 1937 1941
1911 22 1939 1942
1912 22 1939 1943
1913 13 1944 1946
1914 16 1945 1946
1915 22 1944 1947
1916 22 1944 1948
1917 22 1946 1949
1918 22 1946 1950
1919 13 1951 1953
1920 16 1952 1953
1921 22 1951 1954
1922 22 1951 1955
1923 22 1953 1956
1924 22 1953 1957
1925 13 1958 1960
1926 16 1959 1960
1927 22 1958 1961
1928 22 1958 1962
1929 22 1960 1963
1930 22 1960 1964
1931 13 1965 1967
1932 16 1966 1967
1933 22 1965 1968
1934 22 1965 1969
1935 22 1967 1970
1936 22 1967 1971
1937 13 1972 1974
1938 16 1973 1974
1939 22 1972 1975
1940 22 1972 1976
1941 22 1974 1977
1942 22 1974 1978
1943 13 1979 1981
1944 16 1980 1981
1945 22 1979 1982
1946 22 1979 1983
1947 22 1981 1984
1948 22 1981 1985
1949 13 1986 1988
1950 16 1987 1988
1951 22 1986 1989
1952 22 1986 1990
1953 22 1988 1991
1954 22 1988 1992
1955 13 1993 1995
1956 16 1994 1995
1957 22 1993 1996
1958 22 1993 1997
1959 22 1995 1998
1960 22 1995 1999
1961 13 2000 2002
1962 16 2001 2002
1963 22 2000 2003
1964 22 2000 2004
1965 22 2002 2005
1966 22 2002 2006
1967 13 2007 2009
1968 16 2008 2009
1969 22 2007 2010
1970 22 2007 2011
1971 22 2009 2012
1972 22 2009 2013
1973 13 2014 2016
1974 16 2015 2016
1975 22 2014 2017
1976 22 2014 2018
1977 22 2016 2019
1978 22 2016 2020
1979 13 2021 2023
1980 16 2022 2023
1981 22 2021 2024
1982 22 2021 2025
1983 22 2023 2026
1984 22 2023 2027
1985 13 2028 2030
1986 16 2029 2030
1987 22 2028 2031
1988 22 2028 2032
1989 22 2030 2033
1990 22 2030 2034
1991 13 2035 2037
1992 16 2036 2037
1993 22 2035 2038
1994 22 2035 2039
1995 22 2037 2040
1996 22 2037 2041
1997 13 2042 2044
1998 16 2043 2044
1999 22 2042 2045
2000 22 2042 2046
2001 22 2044 2047
2002 22 2044 2048
2003 13 2049 2051
2004 16 2050 2051
2005 22 2049 2052
2006 22 2049 2053
2007 22 2051 2054
2008 22 2051 2055
2009 13 2056 2058
2010 16 2057 2058
2011 22 2056 2059
2012 22 2056 2060
2013 22 2058 2061
2014 22 2058 2062
2015 13 2063 2065
2016 16 2064 2065
2017 22 2063 2066
2018 22 2063 2067
2019 22 2065 2068
2020 22 2065 2069
2021 13 2070 2072
2022 16 2071 2072
2023 22 2070 2073
2024 22 2070 2074
2025 22 2072 2075
2026 22 2072 2076
2027 13 2077 2079
2028 16 2078 2079
2029 22 2077 2080
2030 22 2077 2081
2031 22 2079 2082
2032 22 2079 2083
2033 13 2084 2086
2034 16 2085 2086
2035 22 2084 2087
2036 22 2084 2088
2037 22 2086 2089
2038 22 2086 2090
2039 13 2091 2093
2040 16 2092 2093
2041 22 2091 2094
2042 22 2091 2095
2043 22 2093 2096
2044 22 2093 2097
2045 13 2098 2100
2046 16 2099 2100
2047 22 2098 2101
2048 22 2098 2102
2049 22 2100 2103
2050 22 2100 2104
2051 12 2105 2106
2052 3 2106 2107
2053 21 2105 2108
2054 21 2105 2109
2055 19 2106 2110
2056 19 2106 2111
2057 1 2107 2112
2058 16 1762 1769
2059 16 1770 1776
2060 16 1777 1783
2061 16 1784 1790
2062 16 1791 1797
2063 16 1798 1804
2064 16 1805 1811
2065 16 1812 1818
2066 16 1819 1825
2067 16 1826 1832
2068 16 1833 1839
2069 16 1840 1846
2070 16 1847 1853
2071 16 1854 1860
2072 16 1861 1867
2073 16 1868 1874
2074 16 1875 1881
2075 16 1882 1888
2076 16 1889 1895
2077 16 1896 1902
2078 16 1903 1909
2079 16 1910 1916
2080 16 1917 1923
2081 16 1924 1930
2082 16 1931 1937
2083 16 1938 1944
2084 16 1945 1951
2085 16 1952 1958
2086 16 1959 1965
2087 16 1966 1972
2088 16 1973 1979
2089 16 1980 1986
2090 16 1987 1993
2091 16 1994 2000
2092 16 2001 2007
2093 16 2008 2014
2094 16 2015 2021
2095 16 2022 2028
2096 16 2029 2035
2097 16 2036 2042
2098 16 2043 2049
2099 16 2050 2056
2100 16 2057 2063
2101 16 2064 2070
2102 16 2071 2077
2103 16 2078 2084
2104 16 2085 2091
2105 16 2092 2098
2106 16 2099 2105
2107 11 2113 2115
2108 16 2114 2115
2109 17 2113 2116
2110 17 2113 2117
2111 17 2113 2118
2112 22 2115 2119
2113 22 2115 2120
2114 13 2121 2123
2115 16 2122 2123
2116 22 2121 2124
2117 22 2121 2125
2118 22 2123 2126
2119 22 2123 2127
2120 13 2128 2130
2121 16 2129 2130
2122 22 2128 2131
2123 22 2128 2132
2124 22 2130 2133
2125 22 2130 2134
2126 13 2135 2137
2127 16 2136 2137
2128 22 2135 2138
2129 22 2135 2139
2130 22 2137 2140
2131 22 2137 2141
2132 13 2142 2144
2133 16 2143 2144
2134 22 2142 2145
2135 22 2142 2146
2136 22 2144 2147
2137 22 2144 2148
2138 13 2149 2151
2139 16 2150 2151
2140 22 2149 2152
2141 22 2149 2153
2142 22 2151 2154
2143 22 2151 2155
2144 13 2156 2158
2145 16 2157 2158
2146 22 2156 2159
2147 22 2156 2160
2148 22 2158 2161
2149 22 2158 2162
2150 13 2163 2165
2151 16 2164 2165
2152 22 2163 2166
2153 22 2163 2167
2154 22 2165 2168
2155 22 2165 2169
2156 13 2170 2172
2157 16 2171 2172
2158 22 2170 2173
2159 22 2170 2174
2160 22 2172 2175
2161 22 2172 2176
2162 13 2177 2179
2163 16 2178 2179
2164 22 2177 2180
2165 22 2177 2181
2166 22 2179 2182
2167 22 2179 2183
2168 13 2184 2186
2169 16 2185 2186
2170 22 2184 2187
2171 22 2184 2188
2172 22 2186 2189
2173 22 2186 2190
2174 13 2191 2193
2175 16 2192 2193
2176 22 2191 2194
2177 22 2191 2195
2178 22 2193 2196
2179 22 2193 2197
2180 13 2198 2200
2181 16 2199 2200
2182 22 2198 2201
2183 22 2198 2202
2184 22 2200 2203
2185 22 2200 2204
2186 13 2205 2207
2187 16 2206 2207
2188 22 2205 2208
2189 22 2205 2209
2190 22 2207 2210
2191 22 2207 2211
2192 13 2212 2214
2193 16 2213 2214
2194 22 2212 2215
2195 22 2212 2216
2196 22 2214 2217
2197 22 2214 2218
2198 13 2219 2221
2199 16 2220 2221
2200 22 2219 2222
2201 22 2219 2223
2202 22 2221 2224
2203 22 2221 2225
2204 13 2226 2228
2205 16 2227 2228
2206 22 2226 2229
2207 22 2226 2230
2208 22 2228 2231
2209 22 2228 2232
2210 13 2233 2235
2211 16 2234 2235
2212 22 2233 2236
2213 22 2233 2237
2214 22 2235 2238
2215 22 2235 2239
2216 13 2240 2242
2217 16 2241 2242
2218 22 2240 2243
2219 22 2240 2244
2220 22 2242 2245
2221 22 2242 2246
2222 13 2247 2249
2223 16 2248 2249
2224 22 2247 2250
2225 22 2247 2251
2226 22 2249 2252
2227 22 2249 2253
2228 13 2254 2256
2229 16 2255 2256
2230 22 2254 2257
2231 22 2254 2258
2232 22 2256 2259
2233 22 2256 2260
2234 13 2261 2263
2235 16 2262 2263
2236 22 2261 2264
2237 22 2261 2265
2238 22 2263 2266
2239 22 2263 2267
2240 13 2268 2270
2241 16 2269 2270
2242 22 2268 2271
2243 22 2268 2272
2244 22 2270 2273
2245 22 2270 2274
2246 13 2275 2277
2247 16 2276 2277
2248 22 2275 2278
2249 22 2275 2279
2250 22 2277 2280
2251 22 2277 2281
2252 13 2282 2284
2253 16 2283 2284
2254 22 2282 2285
2255 22 2282 2286
2256 22 2284 2287
2257 22 2284 2288
2258 13 2289 2291
2259 16 2290 2291
2260 22 2289 2292
2261 22 2289 2293
2262 22 2291 2294
2263 22 2291 2295
2264 13 2296 2298
2265 16 2297 2298
2266 22 2296 2299
2267 22 2296 2300
2268 22 2298 2301
2269 22 2298 2302
2270 13 2303 2305
2271 16 2304 2305
2272 22 2303 2306
2273 22 2303 2307
2274 22 2305 2308
2275 22 2305 2309
2276 13 2310 2312
2277 16 2311 2312
2278 22 2310 2313
2279 22 2310 2314
2280 22 2312 2315
2281 22 2312 2316
2282 13 2317 2319
2283 16 2318 2319
2284 22 2317 2320
2285 22 2317 2321
2286 22 2319 2322
2287 22 2319 2323
2288 13 2324 2326
2289 16 2325 2326
2290 22 2324 2327
2291 22 2324 2328
2292 22 2326 2329
2293 22 2326 2330
2294 13 2331 2333
2295 16 2332 2333
2296 22 2331 2334
2297 22 2331 2335
2298 22 2333 2336
2299 22 2333 2337
2300 13 2338 2340
2301 16 2339 2340
2302 22 2338 2341
2303 22 2338 2342
2304 22 2340 2343
2305 22 2340 2344
2306 13 2345 2347
2307 16 2346 2347
2308 22 2345 2348
2309 22 2345 2349
2310 22 2347 2350
2311 22 2347 2351
2312 13 2352 2354
2313 16 2353 2354
2314 22 2352 2355
2315 22 2352 2356
2316 22 2354 2357
2317 22 2354 2358
2318 13 2359 2361
2319 16 2360 2361
2320 22 2359 2362
2321 22 2359 2363
2322 22 2361 2364
2323 22 2361 2365
2324 13 2366 2368
2325 16 2367 2368
2326 22 2366 2369
2327 22 2366 2370
2328 22 2368 2371
2329 22 2368 2372
2330 13 2373 2375
2331 16 2374 2375
2332 22 2373 2376
2333 22 2373 2377
2334 22 2375 2378
2335 22 2375 2379
2336 13 2380 2382
2337 16 2381 2382
2338 22 2380 2383
2339 22 2380 2384
2340 22 2382 2385
2341 22 2382 2386
2342 13 2387 2389
2343 16 2388 2389
2344 22 2387 2390
2345 22 2387 2391
2346 22 2389 2392
2347 22 2389 2393
2348 13 2394 2396
2349 16 2395 2396
2350 22 2394 2397
2351 22 2394 2398
2352 22 2396 2399
2353 22 2396 2400
2354 13 2401 2403
2355 16 2402 2403
2356 22 2401 2404
2357 22 2401 2405
2358 22 2403 2406
2359 22 2403 2407
2360 13 2408 2410
2361 16 2409 2410
2362 22 2408 2411
2363 22 2408 2412
2364 22 2410 2413
2365 22 2410 2414
2366 13 2415 2417
2367 16 2416 2417
2368 22 2415 2418
2369 22 2415 2419
2370 22 2417 2420
2371 22 2417 2421
2372 13 2422 2424
2373 16 2423 2424
2374 22 2422 2425
2375 22 2422 2426
2376 22 2424 2427
2377 22 2424 2428
2378 13 2429 2431
2379 16 2430 2431
2380 22 2429 2432
2381 22 2429 2433
2382 22 2431 2434
2383 22 2431 2435
2384 13 2436 2438
2385 16 2437 2438
2386 22 2436 2439
2387 22 2436 2440
2388 22 2438 2441
2389 22 2438 2442
2390 13 2443 2445
2391 16 2444 2445
2392 22 2443 2446
2393 22 2443 2447
2394 22 2445 2448
2395 22 2445 2449
2396 13 2450 2452
2397 16 2451 2452
2398 22 2450 2453
2399 22 2450 2454
2400 22 2452 2455
2401 22 2452 2456
2402 12 2457 2458
2403 3 2458 2459
2404 21 2457 2460
2405 21 2457 2461
2406 19 2458 2462
2407 19 2458 2463
2408 1 2459 2464
2409 16 2114 2121
2410 16 2122 2128
2411 16 2129 2135
2412 16 2136 2142
2413 16 2143 2149
2414 16 2150 2156
2415 16 2157 2163
2416 16 2164 2170
2417 16 2171 2177
2418 16 2178 2184
2419 16 2185 2191
2420 16 2192 2198
2421 16 2199 2205
2422 16 2206 2212
2423 16 2213 2219
2424 16 2220 2226
2425 16 2227 2233
2426 16 2234 2240
2427 16 2241 2247
2428 16 2248 2254
2429 16 2255 2261
2430 16 2262 2268
2431 16 2269 2275
2432 16 2276 2282
2433 16 2283 2289
2434 16 2290 2296
2435 16 2297 2303
2436 16 2304 2310
2437 16 2311 2317
2438 16 2318 2324
2439 16 2325 2331
2440 16 2332 2338
2441 16 2339 2345
2442 16 2346 2352
2443 16 2353 2359
2444 16 2360 2366
2445 16 2367 2373
2446 16 2374 2380
2447 16 2381 2387
2448 16 2388 2394
2449 16 2395 2401
2450 16 2402 2408
2451 16 2409 2415
2452 16 2416 2422
2453 16 2423 2429
2454 16 2430 2436
2455 16 2437 2443
2456 16 2444 2450
2457 16 2451 2457
2458 11 2465 2467
2459 16 2466 2467
2460 17 2465 2468
2461 17 2465 2469
2462 17 2465 2470
2463 22 2467 2471
2464 22 2467 2472
2465 13 2473 2475
2466 16 2474 2475
2467 22 2473 2476
2468 22 2473 2477
2469 22 2475 2478
2470 22 2475 2479
2471 13 2480 2482
2472 16 2481 2482
2473 22 2480 2483
2474 22 2480 2484
2475 22 2482 2485
2476 22 2482 2486
2477 13 2487 2489
2478 16 2488 2489
2479 22 2487 2490
2480 22 2487 2491
2481 22 2489 2492
2482 22 2489 2493
2483 13 2494 2496
2484 16 2495 2496
2485 22 2494 2497
2486 22 2494 2498
2487 22 2496 2499
2488 22 2496 2500
2489 13 2501 2503
2490 16 2502 2503
2491 22 2501 2504
2492 22 2501 2505
2493 22 2503 2506
2494 22 2503 2507
2495 13 2508 2510
2496 16 2509 2510
2497 22 2508 2511
2498 22 2508 2512
2499 22 2510 2513
2500 22 2510 2514
2501 13 2515 2517
2502 16 2516 2517
2503 22 2515 2518
2504 22 2515 2519
2505 22 2517 2520
2506 22 2517 2521
2507 13 2522 2524
2508 16 2523 2524
2509 22 2522 2525
2510 22 2522 2526
2511 22 2524 2527
2512 22 2524 2528
2513 13 2529 2531
2514 16 2530 2531
2515 22 2529 2532
2516 22 2529 2533
2517 22 2531 2534
2518 22 2531 2535
2519 13 2536 2538
2520 16 2537 2538
2521 22 2536 2539
2522 22 2536 2540
2523 22 2538 2541
2524 22 2538 2542
2525 13 2543 2545
2526 16 2544 2545
2527 22 2543 2546
2528 22 2543 2547
2529 22 2545 2548
2530 22 2545 2549
2531 13 2550 2552
2532 16 2551 2552
2533 22 2550 2553
2534 22 2550 2554
2535 22 2552 2555
2536 22 2552 2556
2537 13 2557 2559
2538 16 2558 2559
2539 22 2557 2560
2540 22 2557 2561
2541 22 2559 2562
2542 22 2559 2563
2543 13 2564 2566
2544 16 2565 2566
2545 22 2564 2567
2546 22 2564 2568
2547 22 2566 2569
2548 22 2566 2570
2549 13 2571 2573
2550 16 2572 2573
2551 22 2571 2574
2552 22 2571 2575
2553 22 2573 2576
2554 22 2573 2577
2555 13 2578 2580
2556 16 2579 2580
2557 22 2578 2581
2558 22 2578 2582
2559 22 2580 2583
2560 22 2580 2584
2561 13 2585 2587
2562 16 2586 2587
2563 22 2585 2588
2564 22 2585 2589
2565 22 2587 2590
2566 22 2587 2591
2567 13 2592 2594
2568 16 2593 2594
2569 22 2592 2595
2570 22 2592 2596
2571 22 2594 2597
2572 22 2594 2598
2573 13 2599 2601
2574 16 2600 2601
2575 22 2599 2602
2576 22 2599 2603
2577 22 2601 2604
2578 22 2601 2605
2579 13 2606 2608
2580 16 2607 2608
2581 22 2606 2609
2582 22 2606 2610
2583 22 2608 2611
2584 22 2608 2612
2585 13 2613 2615
2586 16 2614 2615
2587 22 2613 2616
2588 22 2613 2617
2589 22 2615 2618
2590 22 2615 2619
2591 13 2620 2622
2592 16 2621 2622
2593 22 2620 2623
2594 22 2620 2624
2595 22 2622 2625
2596 22 2622 2626
2597 13 2627 2629
2598 16 2628 2629
2599 22 2627 2630
2600 22 2627 2631
2601 22 2629 2632
2602 22 2629 2633
2603 13 2634 2636
2604 16 2635 2636
2605 22 2634 2637
2606 22 2634 2638
2607 22 2636 2639
2608 22 2636 2640
2609 13 2641 2643
2610 16 2642 2643
2611 22 2641 2644
2612 22 2641 2645
2613 22 2643 2646
2614 22 2643 2647
2615 13 2648 2650
2616 16 2649 2650
2617 22 2648 2651
2618 22 2648 2652
2619 22 2650 2653
2620 22 2650 2654
2621 13 2655 2657
2622 16 2656 2657
2623 22 2655 2658
2624 22 2655 2659
2625 22 2657 2660
2626 22 2657 2661
2627 13 2662 2664
2628 16 2663 2664
2629 22 2662 2665
2630 22 2662 2666
2631 22 2664 2667
2632 22 2664 2668
2633 13 2669 2671
2634 16 2670 2671
2635 22 2669 2672
2636 22 2669 2673
2637 22 2671 2674
2638 22 2671 2675
2639 13 2676 2678
2640 16 2677 2678
2641 22 2676 2679
2642 22 2676 2680
2643 22 2678 2681
2644 22 2678 2682
2645 13 2683 2685
2646 16 2684 2685
2647 22 2683 2686
2648 22 2683 2687
2649 22 2685 2688
2650 22 2685 2689
2651 13 2690 2692
2652 16 2691 2692
2653 22 2690 2693
2654 22 2690 2694
2655 22 2692 2695
2656 22 2692 2696
2657 13 2697 2699
2658 16 2698 2699
2659 22 2697 2700
2660 22 2697 2701
2661 22 2699 2702
2662 22 2699 2703
2663 13 2704 2706
2664 16 2705 2706
2665 22 2704 2707
2666 22 2704 2708
2667 22 2706 2709
2668 22 2706 2710
2669 13 2711 2713
2670 16 2712 2713
2671 22 2711 2714
2672 22 2711 2715
2673 22 2713 2716
2674 22 2713 2717
2675 13 2718 2720
2676 16 2719 2720
2677 22 2718 2721
2678 22 2718 2722
2679 22 2720 2723
2680 22 2720 2724
2681 13 2725 2727
2682 16 2726 2727
2683 22 2725 2728
2684 22 2725 2729
2685 22 2727 2730
2686 22 2727 2731
2687 13 2732 2734
2688 16 2733 2734
2689 22 2732 2735
2690 22 2732 2736
2691 22 2734 2737
2692 22 2734 2738
2693 13 2739 2741
2694 16 2740 2741
2695 22 2739 2742
2696 22 2739 2743
2697 22 2741 2744
2698 22 2741 2745
2699 13 2746 2748
2700 16 2747 2748
2701 22 2746 2749
2702 22 2746 2750
2703 22 2748 2751
2704 22 2748 2752
2705 13 2753 2755
2706 16 2754 2755
2707 22 2753 2756
2708 22 2753 2757
2709 22 2755 2758
2710 22 2755 2759
2711 13 2760 2762
2712 16 2761 2762
2713 22 2760 2763
2714 22 2760 2764
2715 22 2762 2765
2716 22 2762 2766
2717 13 2767 2769
2718 16 2768 2769
2719 22 2767 2770
2720 22 2767 2771
2721 22 2769 2772
2722 22 2769 2773
2723 13 2774 2776
2724 16 2775 2776
2725 22 2774 2777
2726 22 2774 2778
2727 22 2776 2779
2728 22 2776 2780
2729 13 2781 2783
2730 16 2782 2783
2731 22 2781 2784
2732 22 2781 2785
2733 22 2783 2786
2734 22 2783 2787
2735 13 2788 2790
2736 16 2789 2790
2737 22 2788 2791
2738 22 2788 2792
2739 22 2790 2793
2740 22 2790 2794
2741 13 2795 2797
2742 16 2796 2797
2743 22 2795 2798
2744 22 2795 2799
2745 22 2797 2800
2746 22 2797 2801
2747 13 2802 2804
2748 16 2803 2804
2749 22 2802 2805
2750 22 2802 2806
2751 22 2804 2807
2752 22 2804 2808
2753 12 2809 2810
2754 3 2810 2811
2755 21 2809 2812
2756 21 2809 2813
2757 19 2810 2814
2758 19 2810 2815
2759 1 2811 2816
2760 16 2466 2473
2761 16 2474 2480
2762 16 2481 2487
2763 16 2488 2494
2764 16 2495 2501
2765 16 2502 2508
2766 16 2509 2515
2767 16 2516 2522
2768 16 2523 2529
2769 16 2530 2536
2770 16 2537 2543
2771 16 2544 2550
2772 16 2551 2557
2773 16 2558 2564
2774 16 2565 2571
2775 16 2572 2578
2776 16 2579 2585
2777 16 2586 2592
2778 16 2593 2599
2779 16 2600 2606
2780 16 2607 2613
2781 16 2614 2620
2782 16 2621 2627
2783 16 2628 2634
2784 16 2635 2641
2785 16 2642 2648
2786 16 2649 2655
2787 16 2656 2662
2788 16 2663 2669
2789 16 2670 2676
2790 16 2677 2683
2791 16 2684 2690
2792 16 2691 2697
2793 16 2698 2704
2794 16 2705 2711
2795 16 2712 2718
2796 16 2719 2725
2797 16 2726 2732
2798 16 2733 2739
2799 16 2740 2746
2800 16 2747 2753
2801 16 2754 2760
2802 16 2761 2767
2803 16 2768 2774
2804 16 2775 2781
2805 16 2782 2788
2806 16 2789 2795
2807 16 2796 2802
2808 16 2803 2809
2809 11 2817 2819
2810 16 2818 2819
2811 17 2817 2820
2812 17 2817 2821
2813 17 2817 2822
2814 22 2819 2823
2815 22 2819 2824
2816 13 2825 2827
2817 16 2826 2827
2818 22 2825 2828
2819 22 2825 2829
2820 22 2827 2830
2821 22 2827 2831
2822 13 2832 2834
2823 16 2833 2834
2824 22 2832 2835
2825 22 2832 2836
2826 22 2834 2837
2827 22 2834 2838
2828 13 2839 2841
2829 16 2840 2841
2830 22 2839 2842
2831 22 2839 2843
2832 22 2841 2844
2833 22 2841 2845
2834 13 2846 2848
2835 16 2847 2848
2836 22 2846 2849
2837 22 2846 2850
2838 22 2848 2851
2839 22 2848 2852
2840 13 2853 2855
2841 16 2854 2855
2842 22 2853 2856
2843 22 2853 2857
2844 22 2855 2858
2845 22 2855 2859
2846 13 2860 2862
2847 16 2861 2862
2848 22 2860 2863
2849 22 2860 2864
2850 22 2862 2865
2851 22 2862 2866
2852 13 2867 2869
2853 16 2868 2869
2854 22 2867 2870
2855 22 2867 2871
2856 22 2869 2872
2857 22 2869 2873
2858 13 2874 2876
2859 16 2875 2876
2860 22 2874 2877
2861 22 2874 2878
2862 22 2876 2879
2863 22 2876 2880
2864 13 2881 2883
2865 16 2882 2883
2866 22 2881 2884
2867 22 2881 2885
2868 22 2883 2886
2869 22 2883 2887
2870 13 2888 2890
2871 16 2889 2890
2872 22 2888 2891
2873 22 2888 2892
2874 22 2890 2893
2875 22 2890 2894
2876 13 2895 2897
2877 16 2896 2897
2878 22 2895 2898
2879 22 2895 2899
2880 22 2897 2900
2881 22 2897 2901
2882 13 2902 2904
2883 16 2903 2904
2884 22 2902 2905
2885 22 2902 2906
2886 22 2904 2907
2887 22 2904 2908
2888 13 2909 2911
2889 16 2910 2911
2890 22 2909 2912
2891 22 2909 2913
2892 22 2911 2914
2893 22 2911 2915
2894 13 2916 2918
2895 16 2917 2918
2896 22 2916 2919
2897 22 2916 2920
2898 22 2918 2921
2899 22 2918 2922
2900 13 2923 2925
2901 16 2924 2925
2902 22 2923 2926
2903 22 2923 2927
2904 22 2925 2928
2905 22 2925 2929
2906 13 2930 2932
2907 16 2931 2932
2908 22 2930 2933
2909 22 2930 2934
2910 22 2932 2935
2911 22 2932 2936
2912 13 2937 2939
2913 16 2938 2939
2914 22 2937 2940
2915 22 2937 2941
2916 22 2939 2942
2917 22 2939 2943
2918 13 2944 2946
2919 16 2945 2946
2920 22 2944 2947
2921 22 2944 2948
2922 22 2946 2949
2923 22 2946 2950
2924 13 2951 2953
2925 16 2952 2953
2926 22 2951 2954
2927 22 2951 2955
2928 22 2953 2956
2929 22 2953 2957
2930 13 2958 2960
2931 16 2959 2960
2932 22 2958 2961
2933 22 2958 2962
2934 22 2960 2963
2935 22 2960 2964
2936 13 2965 2967
2937 16 2966 2967
2938 22 2965 2968
2939 22 2965 2969
2940 22 2967 2970
2941 22 2967 2971
2942 13 2972 2974
2943 16 2973 2974
2944 22 2972 2975
2945 22 2972 2976
2946 22 2974 2977
2947 22 2974 2978
2948 13 2979 2981
2949 16 2980 2981
2950 22 2979 2982
2951 22 2979 2983
2952 22 2981 2984
2953 22 2981 2985
2954 13 2986 2988
2955 16 2987 2988
2956 22 2986 2989
2957 22 2986 2990
2958 22 2988 2991
2959 22 2988 2992
2960 13 2993 2995
2961 16 2994 2995
2962 22 2993 2996
2963 22 2993 2997
2964 22 2995 2998
2965 22 2995 2999
2966 13 3000 3002
2967 16 3001 3002
2968 22 3000 3003
2969 22 3000 3004
2970 22 3002 3005
2971 22 3002 3006
2972 13 3007 3009
2973 16 3008 3009
2974 22 3007 3010
2975 22 3007 3011
2976 22 3009 3012
2977 22 3009 3013
2978 13 3014 3016
2979 16 3015 3016
2980 22 3014 3017
2981 22 3014 3018
2982 22 3016 3019
2983 22 3016 3020
2984 13 3021 3023
2985 16 3022 3023
2986 22 3021 3024
2987 22 3021 3025
2988 22 3023 3026
2989 22 3023 3027
2990 13 3028 3030
2991 16 3029 3030
2992 22 3028 3031
2993 22 3028 3032
2994 22 3030 3033
2995 22 3030 3034
2996 13 3035 3037
2997 16 3036 3037
2998 22 3035 3038
2999 22 3035 3039
3000 22 3037 3040
3001 22 3037 3041
3002 13 3042 3044
3003 16 3043 3044
3004 22 3042 3045
3005 22 3042 3046
3006 22 3044 3047
3007 22 3044 3048
3008 13 3049 3051
3009 16 3050 3051
3010 22 3049 3052
3011 22 3049 3053
3012 22 3051 3054
3013 22 3051 3055
3014 13 3056 3058
3015 16 3057 3058
3016 22 3056 3059
3017 22 3056 3060
3018 22 3058 3061
3019 22 3058 3062
3020 13 3063 3065
3021 16 3064 3065
3022 22 3063 3066
3023 22 3063 3067
3024 22 3065 3068
3025 22 3065 3069
3026 13 3070 3072
3027 16 3071 3072
3028 22 3070 3073
3029 22 3070 3074
3030 22 3072 3075
3031 22 3072 3076
3032 13 3077 3079
3033 16 3078 3079
3034 22 3077 3080
3035 22 3077 3081
3036 22 3079 3082
3037 22 3079 3083
3038 13 3084 3086
3039 16 3085 3086
3040 22 3084 3087
3041 22 3084 3088
3042 22 3086 3089
3043 22 3086 3090
3044 13 3091 3093
3045 16 3092 3093
3046 22 3091 3094
3047 22 3091 3095
3048 22 3093 3096
3049 22 3093 3097
3050 13 3098 3100
3051 16 3099 3100
3052 22 3098 3101
3053 22 3098 3102
3054 22 3100 3103
3055 22 3100 3104
3056 13 3105 3107
3057 16 3106 3107
3058 22 3105 3108
3059 22 3105 3109
3060 22 3107 3110
3061 22 3107 3111
3062 13 3112 3114
3063 16 3113 3114
3064 22 3112 3115
3065 22 3112 3116
3066 22 3114 3117
3067 22 3114 3118
3068 13 3119 3121
3069 16 3120 3121
3070 22 3119 3122
3071 22 3119 3123
3072 22 3121 3124
3073 22 3121 3125
3074 13 3126 3128
3075 16 3127 3128
3076 22 3126 3129
3077 22 3126 3130
3078 22 3128 3131
3079 22 3128 3132
3080 13 3133 3135
3081 16 3134 3135
3082 22 3133 3136
3083 22 3133 3137
3084 22 3135 3138
3085 22 3135 3139
3086 13 3140 3142
3087 16 3141 3142
3088 22 3140 3143
3089 22 3140 3144
3090 22 3142 3145
3091 22 3142 3146
3092 13 3147 3149
3093 16 3148 3149
3094 22 3147 3150
3095 22 3147 3151
3096 22 3149 3152
3097 22 3149 3153
3098 13 3154 3156
3099 16 3155 3156
3100 22 3154 3157
3101 22 3154 3158
3102 22 3156 3159
3103 22 3156 3160
3104 12 3161 3162
3105 3 3162 3163
3106 21 3161 3164
3107 21 3161 3165
3108 19 3162 3166
3109 19 3162 3167
3110 1 3163 3168
3111 16 2818 2825
3112 16 2826 2832
3113 16 2833 2839
3114 16 2840 2846
3115 16 2847 2853
3116 16 2854 2860
3117 16 2861 2867
3118 16 2868 2874
3119 16 2875 2881
3120 16 2882 2888
3121 16 2889 2895
3122 16 2896 2902
3123 16 2903 2909
3124 16 2910 2916
3125 16 2917 2923
3126 16 2924 2930
3127 16 2931 2937
3128 16 2938 2944
3129 16 2945 2951
3130 16 2952 2958
3131 16 2959 2965
3132 16 2966 2972
3133 16 2973 2979
3134 16 2980 2986
3135 16 2987 2993
3136 16 2994 3000
3137 16 3001 3007
3138 16 3008 3014
3139 16 3015 3021
3140 16 3022 3028
3141 16 3029 3035
3142 16 3036 3042
3143 16 3043 3049
3144 16 3050 3056
3145 16 3057 3063
3146 16 3064 3070
3147 16 3071 3077
3148 16 3078 3084
3149 16 3085 3091
3150 16 3092 3098
3151 16 3099 3105
3152 16 3106 3112
3153 16 3113 3119
3154 16 3120 3126
3155 16 3127 3133
3156 16 3134 3140
3157 16 3141 3147
3158 16 3148 3154
3159 16 3155 3161
3160 11 3169 3171
3161 16 3170 3171
3162 17 3169 3172
3163 17 3169 3173
3164 17 3169 3174
3165 22 3171 3175
3166 22 3171 3176
3167 13 3177 3179
3168 16 3178 3179
3169 22 3177 3180
3170 22 3177 3181
3171 22 3179 3182
3172 22 3179 3183
3173 13 3184 3186
3174 16 3185 3186
3175 22 3184 3187
3176 22 3184 3188
3177 22 3186 3189
3178 22 3186 3190
3179 13 3191 3193
3180 16 3192 3193
3181 22 3191 3194
3182 22 3191 3195
3183 22 3193 3196
3184 22 3193 3197
3185 13 3198 3200
3186 16 3199 3200
3187 22 3198 3201
3188 22 3198 3202
3189 22 3200 3203
3190 22 3200 3204
3191 13 3205 3207
3192 16 3206 3207
3193 22 3205 3208
3194 22 3205 3209
3195 22 3207 3210
3196 22 3207 3211
3197 13 3212 3214
3198 16 3213 3214
3199 22 3212 3215
3200 22 3212 3216
3201 22 3214 3217
3202 22 3214 3218
3203 13 3219 3221
3204 16 3220 3221
3205 22 3219 3222
3206 22 3219 3223
3207 22 3221 3224
3208 22 3221 3225
3209 13 3226 3228
3210 16 3227 3228
3211 22 3226 3229
3212 22 3226 3230
3213 22 3228 3231
3214 22 3228 3232
3215 13 3233 3235
3216 16 3234 3235
3217 22 3233 3236
3218 22 3233 3237
3219 22 3235 3238
3220 22 3235 3239
3221 13 3240 3242
3222 16 3241 3242
3223 22 3240 3243
3224 22 3240 3244
3225 22 3242 3245
3226 22 3242 3246
3227 13 3247 3249
3228 16 3248 3249
3229 22 3247 3250
3230 22 3247 3251
3231 22 3249 3252
3232 22 3249 3253
3233 13 3254 3256
3234 16 3255 3256
3235 22 3254 3257
3236 22 3254 3258
3237 22 3256 3259
3238 22 3256 3260
3239 13 3261 3263
3240 16 3262 3263
3241 22 3261 3264
3242 22 3261 3265
3243 22 3263 3266
3244 22 3263 3267
3245 13 3268 3270
3246 16 3269 3270
3247 22 3268 3271
3248 22 3268 3272
3249 22 3270 3273
3250 22 3270 3274
3251 13 3275 3277
3252 16 3276 3277
3253 22 3275 3278
3254 22 3275 3279
3255 22 3277 3280
3256 22 3277 3281
3257 13 3282 3284
3258 16 3283 3284
3259 22 3282 3285
3260 22 3282 3286
3261 22 3284 3287
3262 22 3284 3288
3263 13 3289 3291
3264 16 3290 3291
3265 22 3289 3292
3266 22 3289 3293
3267 22 3291 3294
3268 22 3291 3295
3269 13 3296 3298
3270 16 3297 3298
3271 22 3296 3299
3272 22 3296 3300
3273 22 3298 3301
3274 22 3298 3302
3275 13 3303 3305
3276 16 3304 3305
3277 22 3303 3306
3278 22 3303 3307
3279 22 3305 3308
3280 22 3305 3309
3281 13 3310 3312
3282 16 3311 3312
3283 22 3310 3313
3284 22 3310 3314
3285 22 3312 3315
3286 22 3312 3316
3287 13 3317 3319
3288 16 3318 3319
3289 22 3317 3320
3290 22 3317 3321
3291 22 3319 3322
3292 22 3319 3323
3293 13 3324 3326
3294 16 3325 3326
3295 22 3324 3327
3296 22 3324 3328
3297 22 3326 3329
3298 22 3326 3330
3299 13 3331 3333
3300 16 3332 3333
3301 22 3331 3334
3302 22 3331 3335
3303 22 3333 3336
3304 22 3333 3337
3305 13 3338 3340
3306 16 3339 3340
3307 22 3338 3341
3308 22 3338 3342
3309 22 3340 3343
3310 22 3340 3344
3311 13 3345 3347
3312 16 3346 3347
3313 22 3345 3348
3314 22 3345 3349
3315 22 3347 3350
3316 22 3347 3351
3317 13 3352 3354
3318 16 3353 3354
3319 22 3352 3355
3320 22 3352 3356
3321 22 3354 3357
3322 22 3354 3358
3323 13 3359 3361
3324 16 3360 3361
3325 22 3359 3362
3326 22 3359 3363
3327 22 3361 3364
3328 22 3361 3365
3329 13 3366 3368
3330 16 3367 3368
3331 22 3366 3369
3332 22 3366 3370
3333 22 3368 3371
3334 22 3368 3372
3335 13 3373 3375
3336 16 3374 3375
3337 22 3373 3376
3338 22 3373 3377
3339 22 3375 3378
3340 22 3375 3379
3341 13 3380 3382
3342 16 3381 3382
3343 22 3380 3383
3344 22 3380 3384
3345 22 3382 3385
3346 22 3382 3386
3347 13 3387 3389
3348 16 3388 3389
3349 22 3387 3390
3350 22 3387 3391
3351 22 3389 3392
3352 22 3389 3393
3353 13 3394 3396
3354 16 3395 3396
3355 22 3394 3397
3356 22 3394 3398
3357 22 3396 3399
3358 22 3396 3400
3359 13 3401 3403
3360 16 3402 3403
3361 22 3401 3404
3362 22 3401 3405
3363 22 3403 3406
3364 22 3403 3407
3365 13 3408 3410
3366 16 3409 3410
3367 22 3408 3411
3368 22 3408 3412
3369 22 3410 3413
3370 22 3410 3414
3371 13 3415 3417
3372 16 3416 3417
3373 22 3415 3418
3374 22 3415 3419
3375 22 3417 3420
3376 22 3417 3421
3377 13 3422 3424
3378 16 3423 3424
3379 22 3422 3425
3380 22 3422 3426
3381 22 3424 3427
3382 22 3424 3428
3383 13 3429 3431
3384 16 3430 3431
3385 22 3429 3432
3386 22 3429 3433
3387 22 3431 3434
3388 22 3431 3435
3389 13 3436 3438
3390 16 3437 3438
3391 22 3436 3439
3392 22 3436 3440
3393 22 3438 3441
3394 22 3438 3442
3395 13 3443 3445
3396 16 3444 3445
3397 22 3443 3446
3398 22 3443 3447
3399 22 3445 3448
3400 22 3445 3449
3401 13 3450 3452
3402 16 3451 3452
3403 22 3450 3453
3404 22 3450 3454
3405 22 3452 3455
3406 22 3452 3456
3407 13 3457 3459
3408 16 3458 3459
3409 22 3457 3460
3410 22 3457 3461
3411 22 3459 3462
3412 22 3459 3463
3413 13 3464 3466
3414 16 3465 3466
3415 22 3464 3467
3416 22 3464 3468
3417 22 3466 3469
3418 22 3466 3470
3419 13 3471 3473
3420 16 3472 3473
3421 22 3471 3474
3422 22 3471 3475
3423 22 3473 3476
3424 22 3473 3477
3425 13 3478 3480
3426 16 3479 3480
3427 22 3478 3481
3428 22 3478 3482
3429 22 3480 3483
3430 22 3480 3484
3431 13 3485 3487
3432 16 3486 3487
3433 22 3485 3488
3434 22 3485 3489
3435 22 3487 3490
3436 22 3487 3491
3437 13 3492 3494
3438 16 3493 3494
3439 22 3492 3495
3440 22 3492 3496
3441 22 3494 3497
3442 22 3494 3498
3443 13 3499 3501
3444 16 3500 3501
3445 22 3499 3502
3446 22 3499 3503
3447 22 3501 3504
3448 22 3501 3505
3449 13 3506 3508
3450 16 3507 3508
3451 22 3506 3509
3452 22 3506 3510
3453 22 3508 3511
3454 22 3508 3512
3455 12 3513 3514
3456 3 3514 3515
3457 21 3513 3516
3458 21 3513 3517
3459 19 3514 3518
3460 19 3514 3519
3461 1 3515 3520
3462 16 3170 3177
3463 16 3178 3184
3464 16 3185 3191
3465 16 3192 3198
3466 16 3199 3205
3467 16 3206 3212
3468 16 3213 3219
3469 16 3220 3226
3470 16 3227 3233
3471 16 3234 3240
3472 16 3241 3247
3473 16 3248 3254
3474 16 3255 3261
3475 16 3262 3268
3476 16 3269 3275
3477 16 3276 3282
3478 16 3283 3289
3479 16 3290 3296
3480 16 3297 3303
3481 16 3304 3310
3482 16 3311 3317
3483 16 3318 3324
3484 16 3325 3331
3485 16 3332 3338
3486 16 3339 3345
3487 16 3346 3352
3488 16 3353 3359
3489 16 3360 3366
3490 16 3367 3373
3491 16 3374 3380
3492 16 3381 3387
3493 16 3388 3394
3494 16 3395 3401
3495 16 3402 3408
3496 16 3409 3415
3497 16 3416 3422
3498 16 3423 3429
3499 16 3430 3436
3500 16 3437 3443
3501 16 3444 3450
3502 16 3451 3457
3503 16 3458 3464
3504 16 3465 3471
3505 16 3472 3478
3506 16 3479 3485
3507 16 3486 3492
3508 16 3493 3499
3509 16 3500 3506
3510 16 3507 3513
