	1	1	3
	2	3	2
	3	1	4
	4	1	5
	5	1	6
	6	3	7
	7	3	8
	8	9	11
	9	11	10
	10	9	12
	11	9	13
	12	11	14
	13	11	15
	14	16	18
	15	18	17
	16	16	19
	17	16	20
	18	18	21
	19	18	22
	20	23	25
	21	25	24
	22	23	26
	23	23	27
	24	25	28
	25	25	29
	26	30	32
	27	32	31
	28	30	33
	29	30	34
	30	32	35
	31	32	36
	32	37	39
	33	39	38
	34	37	40
	35	37	41
	36	39	42
	37	39	43
	38	44	46
	39	46	45
	40	44	47
	41	44	48
	42	46	49
	43	46	50
	44	51	53
	45	53	52
	46	51	54
	47	51	55
	48	53	56
	49	53	57
	50	58	60
	51	60	59
	52	58	61
	53	58	62
	54	60	63
	55	60	64
	56	65	67
	57	67	66
	58	65	68
	59	65	69
	60	67	70
	61	67	71
	62	72	74
	63	74	73
	64	72	75
	65	72	76
	66	74	77
	67	74	78
	68	79	81
	69	81	80
	70	79	82
	71	79	83
	72	81	84
	73	81	85
	74	86	88
	75	88	87
	76	86	89
	77	86	90
	78	88	91
	79	88	92
	80	93	95
	81	95	94
	82	93	96
	83	93	97
	84	95	98
	85	95	99
	86	100	102
	87	102	101
	88	100	103
	89	100	104
	90	102	105
	91	102	106
	92	107	109
	93	109	108
	94	107	110
	95	107	111
	96	109	112
	97	109	113
	98	114	116
	99	116	115
	100	114	117
	101	114	118
	102	116	119
	103	116	120
	104	121	123
	105	123	122
	106	121	124
	107	121	125
	108	123	126
	109	123	127
	110	128	130
	111	130	129
	112	128	131
	113	128	132
	114	130	133
	115	130	134
	116	135	137
	117	137	136
	118	135	138
	119	135	139
	120	137	140
	121	137	141
	122	142	144
	123	144	143
	124	142	145
	125	142	146
	126	144	147
	127	144	148
	128	149	151
	129	151	150
	130	149	152
	131	149	153
	132	151	154
	133	151	155
	134	156	158
	135	158	157
	136	156	159
	137	156	160
	138	158	161
	139	158	162
	140	163	165
	141	165	164
	142	163	166
	143	163	167
	144	165	168
	145	165	169
	146	170	172
	147	172	171
	148	170	173
	149	170	174
	150	172	175
	151	172	176
	152	177	179
	153	179	178
	154	177	180
	155	177	181
	156	179	182
	157	179	183
	158	184	186
	159	186	185
	160	184	187
	161	184	188
	162	186	189
	163	186	190
	164	191	193
	165	193	192
	166	191	194
	167	191	195
	168	193	196
	169	193	197
	170	198	200
	171	200	199
	172	198	201
	173	198	202
	174	200	203
	175	200	204
	176	205	207
	177	207	206
	178	205	208
	179	205	209
	180	207	210
	181	207	211
	182	212	214
	183	214	213
	184	212	215
	185	212	216
	186	214	217
	187	214	218
	188	219	221
	189	221	220
	190	219	222
	191	219	223
	192	221	224
	193	221	225
	194	226	228
	195	228	227
	196	226	229
	197	226	230
	198	228	231
	199	228	232
	200	233	235
	201	235	234
	202	233	236
	203	233	237
	204	235	238
	205	235	239
	206	240	242
	207	242	241
	208	240	243
	209	240	244
	210	242	245
	211	242	246
	212	247	249
	213	249	248
	214	247	250
	215	247	251
	216	249	252
	217	249	253
	218	254	256
	219	256	255
	220	254	257
	221	254	258
	222	256	259
	223	256	260
	224	261	263
	225	263	262
	226	261	264
	227	261	265
	228	263	266
	229	263	267
	230	268	270
	231	270	269
	232	268	271
	233	268	272
	234	270	273
	235	270	274
	236	275	277
	237	277	276
	238	275	278
	239	275	279
	240	277	280
	241	277	281
	242	282	284
	243	284	283
	244	282	285
	245	282	286
	246	284	287
	247	284	288
	248	289	291
	249	291	290
	250	289	292
	251	289	293
	252	291	294
	253	291	295
	254	296	298
	255	298	297
	256	296	299
	257	296	300
	258	298	301
	259	298	302
	260	303	305
	261	305	304
	262	303	306
	263	303	307
	264	305	308
	265	305	309
	266	310	312
	267	312	311
	268	310	313
	269	310	314
	270	312	315
	271	312	316
	272	317	319
	273	319	318
	274	317	320
	275	317	321
	276	319	322
	277	319	323
	278	324	326
	279	326	325
	280	324	327
	281	324	328
	282	326	329
	283	326	330
	284	331	333
	285	333	332
	286	331	334
	287	331	335
	288	333	336
	289	333	337
	290	338	340
	291	340	339
	292	338	341
	293	338	342
	294	340	343
	295	340	344
	296	345	346
	297	346	347
	298	345	348
	299	345	349
	300	346	350
	301	346	351
	302	347	352
      303  2  9
      304  10  16
      305  17  23
      306  24  30
      307  31  37
      308  38  44
      309  45  51
      310  52  58
      311  59  65
      312  66  72
      313  73  79
      314  80  86
      315  87  93
      316  94  100
      317  101  107
      318  108  114
      319  115  121
      320  122  128
      321  129  135
      322  136  142
      323  143  149
      324  150  156
      325  157  163
      326  164  170
      327  171  177
      328  178  184
      329  185  191
      330  192  198
      331  199  205
      332  206  212
      333  213  219
      334  220  226
      335  227  233
      336  234  240
      337  241  247
      338  248  254
      339  255  261
      340  262  268
      341  269  275
      342  276  282
      343  283  289
      344  290  296
      345  297  303
      346  304  310
      347  311  317
      348  318  324
      349  325  331
      350  332  338
      351  339  345
	352	353	355
	353	355	354
	354	353	356
	355	353	357
	356	353	358
	357	355	359
	358	355	360
	359	361	363
	360	363	362
	361	361	364
	362	361	365
	363	363	366
	364	363	367
	365	368	370
	366	370	369
	367	368	371
	368	368	372
	369	370	373
	370	370	374
	371	375	377
	372	377	376
	373	375	378
	374	375	379
	375	377	380
	376	377	381
	377	382	384
	378	384	383
	379	382	385
	380	382	386
	381	384	387
	382	384	388
	383	389	391
	384	391	390
	385	389	392
	386	389	393
	387	391	394
	388	391	395
	389	396	398
	390	398	397
	391	396	399
	392	396	400
	393	398	401
	394	398	402
	395	403	405
	396	405	404
	397	403	406
	398	403	407
	399	405	408
	400	405	409
	401	410	412
	402	412	411
	403	410	413
	404	410	414
	405	412	415
	406	412	416
	407	417	419
	408	419	418
	409	417	420
	410	417	421
	411	419	422
	412	419	423
	413	424	426
	414	426	425
	415	424	427
	416	424	428
	417	426	429
	418	426	430
	419	431	433
	420	433	432
	421	431	434
	422	431	435
	423	433	436
	424	433	437
	425	438	440
	426	440	439
	427	438	441
	428	438	442
	429	440	443
	430	440	444
	431	445	447
	432	447	446
	433	445	448
	434	445	449
	435	447	450
	436	447	451
	437	452	454
	438	454	453
	439	452	455
	440	452	456
	441	454	457
	442	454	458
	443	459	461
	444	461	460
	445	459	462
	446	459	463
	447	461	464
	448	461	465
	449	466	468
	450	468	467
	451	466	469
	452	466	470
	453	468	471
	454	468	472
	455	473	475
	456	475	474
	457	473	476
	458	473	477
	459	475	478
	460	475	479
	461	480	482
	462	482	481
	463	480	483
	464	480	484
	465	482	485
	466	482	486
	467	487	489
	468	489	488
	469	487	490
	470	487	491
	471	489	492
	472	489	493
	473	494	496
	474	496	495
	475	494	497
	476	494	498
	477	496	499
	478	496	500
	479	501	503
	480	503	502
	481	501	504
	482	501	505
	483	503	506
	484	503	507
	485	508	510
	486	510	509
	487	508	511
	488	508	512
	489	510	513
	490	510	514
	491	515	517
	492	517	516
	493	515	518
	494	515	519
	495	517	520
	496	517	521
	497	522	524
	498	524	523
	499	522	525
	500	522	526
	501	524	527
	502	524	528
	503	529	531
	504	531	530
	505	529	532
	506	529	533
	507	531	534
	508	531	535
	509	536	538
	510	538	537
	511	536	539
	512	536	540
	513	538	541
	514	538	542
	515	543	545
	516	545	544
	517	543	546
	518	543	547
	519	545	548
	520	545	549
	521	550	552
	522	552	551
	523	550	553
	524	550	554
	525	552	555
	526	552	556
	527	557	559
	528	559	558
	529	557	560
	530	557	561
	531	559	562
	532	559	563
	533	564	566
	534	566	565
	535	564	567
	536	564	568
	537	566	569
	538	566	570
	539	571	573
	540	573	572
	541	571	574
	542	571	575
	543	573	576
	544	573	577
	545	578	580
	546	580	579
	547	578	581
	548	578	582
	549	580	583
	550	580	584
	551	585	587
	552	587	586
	553	585	588
	554	585	589
	555	587	590
	556	587	591
	557	592	594
	558	594	593
	559	592	595
	560	592	596
	561	594	597
	562	594	598
	563	599	601
	564	601	600
	565	599	602
	566	599	603
	567	601	604
	568	601	605
	569	606	608
	570	608	607
	571	606	609
	572	606	610
	573	608	611
	574	608	612
	575	613	615
	576	615	614
	577	613	616
	578	613	617
	579	615	618
	580	615	619
	581	620	622
	582	622	621
	583	620	623
	584	620	624
	585	622	625
	586	622	626
	587	627	629
	588	629	628
	589	627	630
	590	627	631
	591	629	632
	592	629	633
	593	634	636
	594	636	635
	595	634	637
	596	634	638
	597	636	639
	598	636	640
	599	641	643
	600	643	642
	601	641	644
	602	641	645
	603	643	646
	604	643	647
	605	648	650
	606	650	649
	607	648	651
	608	648	652
	609	650	653
	610	650	654
	611	655	657
	612	657	656
	613	655	658
	614	655	659
	615	657	660
	616	657	661
	617	662	664
	618	664	663
	619	662	665
	620	662	666
	621	664	667
	622	664	668
	623	669	671
	624	671	670
	625	669	672
	626	669	673
	627	671	674
	628	671	675
	629	676	678
	630	678	677
	631	676	679
	632	676	680
	633	678	681
	634	678	682
	635	683	685
	636	685	684
	637	683	686
	638	683	687
	639	685	688
	640	685	689
	641	690	692
	642	692	691
	643	690	693
	644	690	694
	645	692	695
	646	692	696
	647	697	698
	648	698	699
	649	697	700
	650	697	701
	651	698	702
	652	698	703
	653	699	704
      654  354  361
      655  362  368
      656  369  375
      657  376  382
      658  383  389
      659  390  396
      660  397  403
      661  404  410
      662  411  417
      663  418  424
      664  425  431
      665  432  438
      666  439  445
      667  446  452
      668  453  459
      669  460  466
      670  467  473
      671  474  480
      672  481  487
      673  488  494
      674  495  501
      675  502  508
      676  509  515
      677  516  522
      678  523  529
      679  530  536
      680  537  543
      681  544  550
      682  551  557
      683  558  564
      684  565  571
      685  572  578
      686  579  585
      687  586  592
      688  593  599
      689  600  606
      690  607  613
      691  614  620
      692  621  627
      693  628  634
      694  635  641
      695  642  648
      696  649  655
      697  656  662
      698  663  669
      699  670  676
      700  677  683
      701  684  690
      702  691  697
	703	705	707
	704	707	706
	705	705	708
	706	705	709
	707	705	710
	708	707	711
	709	707	712
	710	713	715
	711	715	714
	712	713	716
	713	713	717
	714	715	718
	715	715	719
	716	720	722
	717	722	721
	718	720	723
	719	720	724
	720	722	725
	721	722	726
	722	727	729
	723	729	728
	724	727	730
	725	727	731
	726	729	732
	727	729	733
	728	734	736
	729	736	735
	730	734	737
	731	734	738
	732	736	739
	733	736	740
	734	741	743
	735	743	742
	736	741	744
	737	741	745
	738	743	746
	739	743	747
	740	748	750
	741	750	749
	742	748	751
	743	748	752
	744	750	753
	745	750	754
	746	755	757
	747	757	756
	748	755	758
	749	755	759
	750	757	760
	751	757	761
	752	762	764
	753	764	763
	754	762	765
	755	762	766
	756	764	767
	757	764	768
	758	769	771
	759	771	770
	760	769	772
	761	769	773
	762	771	774
	763	771	775
	764	776	778
	765	778	777
	766	776	779
	767	776	780
	768	778	781
	769	778	782
	770	783	785
	771	785	784
	772	783	786
	773	783	787
	774	785	788
	775	785	789
	776	790	792
	777	792	791
	778	790	793
	779	790	794
	780	792	795
	781	792	796
	782	797	799
	783	799	798
	784	797	800
	785	797	801
	786	799	802
	787	799	803
	788	804	806
	789	806	805
	790	804	807
	791	804	808
	792	806	809
	793	806	810
	794	811	813
	795	813	812
	796	811	814
	797	811	815
	798	813	816
	799	813	817
	800	818	820
	801	820	819
	802	818	821
	803	818	822
	804	820	823
	805	820	824
	806	825	827
	807	827	826
	808	825	828
	809	825	829
	810	827	830
	811	827	831
	812	832	834
	813	834	833
	814	832	835
	815	832	836
	816	834	837
	817	834	838
	818	839	841
	819	841	840
	820	839	842
	821	839	843
	822	841	844
	823	841	845
	824	846	848
	825	848	847
	826	846	849
	827	846	850
	828	848	851
	829	848	852
	830	853	855
	831	855	854
	832	853	856
	833	853	857
	834	855	858
	835	855	859
	836	860	862
	837	862	861
	838	860	863
	839	860	864
	840	862	865
	841	862	866
	842	867	869
	843	869	868
	844	867	870
	845	867	871
	846	869	872
	847	869	873
	848	874	876
	849	876	875
	850	874	877
	851	874	878
	852	876	879
	853	876	880
	854	881	883
	855	883	882
	856	881	884
	857	881	885
	858	883	886
	859	883	887
	860	888	890
	861	890	889
	862	888	891
	863	888	892
	864	890	893
	865	890	894
	866	895	897
	867	897	896
	868	895	898
	869	895	899
	870	897	900
	871	897	901
	872	902	904
	873	904	903
	874	902	905
	875	902	906
	876	904	907
	877	904	908
	878	909	911
	879	911	910
	880	909	912
	881	909	913
	882	911	914
	883	911	915
	884	916	918
	885	918	917
	886	916	919
	887	916	920
	888	918	921
	889	918	922
	890	923	925
	891	925	924
	892	923	926
	893	923	927
	894	925	928
	895	925	929
	896	930	932
	897	932	931
	898	930	933
	899	930	934
	900	932	935
	901	932	936
	902	937	939
	903	939	938
	904	937	940
	905	937	941
	906	939	942
	907	939	943
	908	944	946
	909	946	945
	910	944	947
	911	944	948
	912	946	949
	913	946	950
	914	951	953
	915	953	952
	916	951	954
	917	951	955
	918	953	956
	919	953	957
	920	958	960
	921	960	959
	922	958	961
	923	958	962
	924	960	963
	925	960	964
	926	965	967
	927	967	966
	928	965	968
	929	965	969
	930	967	970
	931	967	971
	932	972	974
	933	974	973
	934	972	975
	935	972	976
	936	974	977
	937	974	978
	938	979	981
	939	981	980
	940	979	982
	941	979	983
	942	981	984
	943	981	985
	944	986	988
	945	988	987
	946	986	989
	947	986	990
	948	988	991
	949	988	992
	950	993	995
	951	995	994
	952	993	996
	953	993	997
	954	995	998
	955	995	999
	956	1000	1002
	957	1002	1001
	958	1000	1003
	959	1000	1004
	960	1002	1005
	961	1002	1006
	962	1007	1009
	963	1009	1008
	964	1007	1010
	965	1007	1011
	966	1009	1012
	967	1009	1013
	968	1014	1016
	969	1016	1015
	970	1014	1017
	971	1014	1018
	972	1016	1019
	973	1016	1020
	974	1021	1023
	975	1023	1022
	976	1021	1024
	977	1021	1025
	978	1023	1026
	979	1023	1027
	980	1028	1030
	981	1030	1029
	982	1028	1031
	983	1028	1032
	984	1030	1033
	985	1030	1034
	986	1035	1037
	987	1037	1036
	988	1035	1038
	989	1035	1039
	990	1037	1040
	991	1037	1041
	992	1042	1044
	993	1044	1043
	994	1042	1045
	995	1042	1046
	996	1044	1047
	997	1044	1048
	998	1049	1050
	999	1050	1051
	1000	1049	1052
	1001	1049	1053
	1002	1050	1054
	1003	1050	1055
	1004	1051	1056
      1005  706  713
      1006  714  720
      1007  721  727
      1008  728  734
      1009  735  741
      1010  742  748
      1011  749  755
      1012  756  762
      1013  763  769
      1014  770  776
      1015  777  783
      1016  784  790
      1017  791  797
      1018  798  804
      1019  805  811
      1020  812  818
      1021  819  825
      1022  826  832
      1023  833  839
      1024  840  846
      1025  847  853
      1026  854  860
      1027  861  867
      1028  868  874
      1029  875  881
      1030  882  888
      1031  889  895
      1032  896  902
      1033  903  909
      1034  910  916
      1035  917  923
      1036  924  930
      1037  931  937
      1038  938  944
      1039  945  951
      1040  952  958
      1041  959  965
      1042  966  972
      1043  973  979
      1044  980  986
      1045  987  993
      1046  994  1000
      1047  1001  1007
      1048  1008  1014
      1049  1015  1021
      1050  1022  1028
      1051  1029  1035
      1052  1036  1042
      1053  1043  1049
	1054	1057	1059
	1055	1059	1058
	1056	1057	1060
	1057	1057	1061
	1058	1057	1062
	1059	1059	1063
	1060	1059	1064
	1061	1065	1067
	1062	1067	1066
	1063	1065	1068
	1064	1065	1069
	1065	1067	1070
	1066	1067	1071
	1067	1072	1074
	1068	1074	1073
	1069	1072	1075
	1070	1072	1076
	1071	1074	1077
	1072	1074	1078
	1073	1079	1081
	1074	1081	1080
	1075	1079	1082
	1076	1079	1083
	1077	1081	1084
	1078	1081	1085
	1079	1086	1088
	1080	1088	1087
	1081	1086	1089
	1082	1086	1090
	1083	1088	1091
	1084	1088	1092
	1085	1093	1095
	1086	1095	1094
	1087	1093	1096
	1088	1093	1097
	1089	1095	1098
	1090	1095	1099
	1091	1100	1102
	1092	1102	1101
	1093	1100	1103
	1094	1100	1104
	1095	1102	1105
	1096	1102	1106
	1097	1107	1109
	1098	1109	1108
	1099	1107	1110
	1100	1107	1111
	1101	1109	1112
	1102	1109	1113
	1103	1114	1116
	1104	1116	1115
	1105	1114	1117
	1106	1114	1118
	1107	1116	1119
	1108	1116	1120
	1109	1121	1123
	1110	1123	1122
	1111	1121	1124
	1112	1121	1125
	1113	1123	1126
	1114	1123	1127
	1115	1128	1130
	1116	1130	1129
	1117	1128	1131
	1118	1128	1132
	1119	1130	1133
	1120	1130	1134
	1121	1135	1137
	1122	1137	1136
	1123	1135	1138
	1124	1135	1139
	1125	1137	1140
	1126	1137	1141
	1127	1142	1144
	1128	1144	1143
	1129	1142	1145
	1130	1142	1146
	1131	1144	1147
	1132	1144	1148
	1133	1149	1151
	1134	1151	1150
	1135	1149	1152
	1136	1149	1153
	1137	1151	1154
	1138	1151	1155
	1139	1156	1158
	1140	1158	1157
	1141	1156	1159
	1142	1156	1160
	1143	1158	1161
	1144	1158	1162
	1145	1163	1165
	1146	1165	1164
	1147	1163	1166
	1148	1163	1167
	1149	1165	1168
	1150	1165	1169
	1151	1170	1172
	1152	1172	1171
	1153	1170	1173
	1154	1170	1174
	1155	1172	1175
	1156	1172	1176
	1157	1177	1179
	1158	1179	1178
	1159	1177	1180
	1160	1177	1181
	1161	1179	1182
	1162	1179	1183
	1163	1184	1186
	1164	1186	1185
	1165	1184	1187
	1166	1184	1188
	1167	1186	1189
	1168	1186	1190
	1169	1191	1193
	1170	1193	1192
	1171	1191	1194
	1172	1191	1195
	1173	1193	1196
	1174	1193	1197
	1175	1198	1200
	1176	1200	1199
	1177	1198	1201
	1178	1198	1202
	1179	1200	1203
	1180	1200	1204
	1181	1205	1207
	1182	1207	1206
	1183	1205	1208
	1184	1205	1209
	1185	1207	1210
	1186	1207	1211
	1187	1212	1214
	1188	1214	1213
	1189	1212	1215
	1190	1212	1216
	1191	1214	1217
	1192	1214	1218
	1193	1219	1221
	1194	1221	1220
	1195	1219	1222
	1196	1219	1223
	1197	1221	1224
	1198	1221	1225
	1199	1226	1228
	1200	1228	1227
	1201	1226	1229
	1202	1226	1230
	1203	1228	1231
	1204	1228	1232
	1205	1233	1235
	1206	1235	1234
	1207	1233	1236
	1208	1233	1237
	1209	1235	1238
	1210	1235	1239
	1211	1240	1242
	1212	1242	1241
	1213	1240	1243
	1214	1240	1244
	1215	1242	1245
	1216	1242	1246
	1217	1247	1249
	1218	1249	1248
	1219	1247	1250
	1220	1247	1251
	1221	1249	1252
	1222	1249	1253
	1223	1254	1256
	1224	1256	1255
	1225	1254	1257
	1226	1254	1258
	1227	1256	1259
	1228	1256	1260
	1229	1261	1263
	1230	1263	1262
	1231	1261	1264
	1232	1261	1265
	1233	1263	1266
	1234	1263	1267
	1235	1268	1270
	1236	1270	1269
	1237	1268	1271
	1238	1268	1272
	1239	1270	1273
	1240	1270	1274
	1241	1275	1277
	1242	1277	1276
	1243	1275	1278
	1244	1275	1279
	1245	1277	1280
	1246	1277	1281
	1247	1282	1284
	1248	1284	1283
	1249	1282	1285
	1250	1282	1286
	1251	1284	1287
	1252	1284	1288
	1253	1289	1291
	1254	1291	1290
	1255	1289	1292
	1256	1289	1293
	1257	1291	1294
	1258	1291	1295
	1259	1296	1298
	1260	1298	1297
	1261	1296	1299
	1262	1296	1300
	1263	1298	1301
	1264	1298	1302
	1265	1303	1305
	1266	1305	1304
	1267	1303	1306
	1268	1303	1307
	1269	1305	1308
	1270	1305	1309
	1271	1310	1312
	1272	1312	1311
	1273	1310	1313
	1274	1310	1314
	1275	1312	1315
	1276	1312	1316
	1277	1317	1319
	1278	1319	1318
	1279	1317	1320
	1280	1317	1321
	1281	1319	1322
	1282	1319	1323
	1283	1324	1326
	1284	1326	1325
	1285	1324	1327
	1286	1324	1328
	1287	1326	1329
	1288	1326	1330
	1289	1331	1333
	1290	1333	1332
	1291	1331	1334
	1292	1331	1335
	1293	1333	1336
	1294	1333	1337
	1295	1338	1340
	1296	1340	1339
	1297	1338	1341
	1298	1338	1342
	1299	1340	1343
	1300	1340	1344
	1301	1345	1347
	1302	1347	1346
	1303	1345	1348
	1304	1345	1349
	1305	1347	1350
	1306	1347	1351
	1307	1352	1354
	1308	1354	1353
	1309	1352	1355
	1310	1352	1356
	1311	1354	1357
	1312	1354	1358
	1313	1359	1361
	1314	1361	1360
	1315	1359	1362
	1316	1359	1363
	1317	1361	1364
	1318	1361	1365
	1319	1366	1368
	1320	1368	1367
	1321	1366	1369
	1322	1366	1370
	1323	1368	1371
	1324	1368	1372
	1325	1373	1375
	1326	1375	1374
	1327	1373	1376
	1328	1373	1377
	1329	1375	1378
	1330	1375	1379
	1331	1380	1382
	1332	1382	1381
	1333	1380	1383
	1334	1380	1384
	1335	1382	1385
	1336	1382	1386
	1337	1387	1389
	1338	1389	1388
	1339	1387	1390
	1340	1387	1391
	1341	1389	1392
	1342	1389	1393
	1343	1394	1396
	1344	1396	1395
	1345	1394	1397
	1346	1394	1398
	1347	1396	1399
	1348	1396	1400
	1349	1401	1402
	1350	1402	1403
	1351	1401	1404
	1352	1401	1405
	1353	1402	1406
	1354	1402	1407
	1355	1403	1408
      1356  1058  1065
      1357  1066  1072
      1358  1073  1079
      1359  1080  1086
      1360  1087  1093
      1361  1094  1100
      1362  1101  1107
      1363  1108  1114
      1364  1115  1121
      1365  1122  1128
      1366  1129  1135
      1367  1136  1142
      1368  1143  1149
      1369  1150  1156
      1370  1157  1163
      1371  1164  1170
      1372  1171  1177
      1373  1178  1184
      1374  1185  1191
      1375  1192  1198
      1376  1199  1205
      1377  1206  1212
      1378  1213  1219
      1379  1220  1226
      1380  1227  1233
      1381  1234  1240
      1382  1241  1247
      1383  1248  1254
      1384  1255  1261
      1385  1262  1268
      1386  1269  1275
      1387  1276  1282
      1388  1283  1289
      1389  1290  1296
      1390  1297  1303
      1391  1304  1310
      1392  1311  1317
      1393  1318  1324
      1394  1325  1331
      1395  1332  1338
      1396  1339  1345
      1397  1346  1352
      1398  1353  1359
      1399  1360  1366
      1400  1367  1373
      1401  1374  1380
      1402  1381  1387
      1403  1388  1394
      1404  1395  1401
	1405	1409	1411
	1406	1411	1410
	1407	1409	1412
	1408	1409	1413
	1409	1409	1414
	1410	1411	1415
	1411	1411	1416
	1412	1417	1419
	1413	1419	1418
	1414	1417	1420
	1415	1417	1421
	1416	1419	1422
	1417	1419	1423
	1418	1424	1426
	1419	1426	1425
	1420	1424	1427
	1421	1424	1428
	1422	1426	1429
	1423	1426	1430
	1424	1431	1433
	1425	1433	1432
	1426	1431	1434
	1427	1431	1435
	1428	1433	1436
	1429	1433	1437
	1430	1438	1440
	1431	1440	1439
	1432	1438	1441
	1433	1438	1442
	1434	1440	1443
	1435	1440	1444
	1436	1445	1447
	1437	1447	1446
	1438	1445	1448
	1439	1445	1449
	1440	1447	1450
	1441	1447	1451
	1442	1452	1454
	1443	1454	1453
	1444	1452	1455
	1445	1452	1456
	1446	1454	1457
	1447	1454	1458
	1448	1459	1461
	1449	1461	1460
	1450	1459	1462
	1451	1459	1463
	1452	1461	1464
	1453	1461	1465
	1454	1466	1468
	1455	1468	1467
	1456	1466	1469
	1457	1466	1470
	1458	1468	1471
	1459	1468	1472
	1460	1473	1475
	1461	1475	1474
	1462	1473	1476
	1463	1473	1477
	1464	1475	1478
	1465	1475	1479
	1466	1480	1482
	1467	1482	1481
	1468	1480	1483
	1469	1480	1484
	1470	1482	1485
	1471	1482	1486
	1472	1487	1489
	1473	1489	1488
	1474	1487	1490
	1475	1487	1491
	1476	1489	1492
	1477	1489	1493
	1478	1494	1496
	1479	1496	1495
	1480	1494	1497
	1481	1494	1498
	1482	1496	1499
	1483	1496	1500
	1484	1501	1503
	1485	1503	1502
	1486	1501	1504
	1487	1501	1505
	1488	1503	1506
	1489	1503	1507
	1490	1508	1510
	1491	1510	1509
	1492	1508	1511
	1493	1508	1512
	1494	1510	1513
	1495	1510	1514
	1496	1515	1517
	1497	1517	1516
	1498	1515	1518
	1499	1515	1519
	1500	1517	1520
	1501	1517	1521
	1502	1522	1524
	1503	1524	1523
	1504	1522	1525
	1505	1522	1526
	1506	1524	1527
	1507	1524	1528
	1508	1529	1531
	1509	1531	1530
	1510	1529	1532
	1511	1529	1533
	1512	1531	1534
	1513	1531	1535
	1514	1536	1538
	1515	1538	1537
	1516	1536	1539
	1517	1536	1540
	1518	1538	1541
	1519	1538	1542
	1520	1543	1545
	1521	1545	1544
	1522	1543	1546
	1523	1543	1547
	1524	1545	1548
	1525	1545	1549
	1526	1550	1552
	1527	1552	1551
	1528	1550	1553
	1529	1550	1554
	1530	1552	1555
	1531	1552	1556
	1532	1557	1559
	1533	1559	1558
	1534	1557	1560
	1535	1557	1561
	1536	1559	1562
	1537	1559	1563
	1538	1564	1566
	1539	1566	1565
	1540	1564	1567
	1541	1564	1568
	1542	1566	1569
	1543	1566	1570
	1544	1571	1573
	1545	1573	1572
	1546	1571	1574
	1547	1571	1575
	1548	1573	1576
	1549	1573	1577
	1550	1578	1580
	1551	1580	1579
	1552	1578	1581
	1553	1578	1582
	1554	1580	1583
	1555	1580	1584
	1556	1585	1587
	1557	1587	1586
	1558	1585	1588
	1559	1585	1589
	1560	1587	1590
	1561	1587	1591
	1562	1592	1594
	1563	1594	1593
	1564	1592	1595
	1565	1592	1596
	1566	1594	1597
	1567	1594	1598
	1568	1599	1601
	1569	1601	1600
	1570	1599	1602
	1571	1599	1603
	1572	1601	1604
	1573	1601	1605
	1574	1606	1608
	1575	1608	1607
	1576	1606	1609
	1577	1606	1610
	1578	1608	1611
	1579	1608	1612
	1580	1613	1615
	1581	1615	1614
	1582	1613	1616
	1583	1613	1617
	1584	1615	1618
	1585	1615	1619
	1586	1620	1622
	1587	1622	1621
	1588	1620	1623
	1589	1620	1624
	1590	1622	1625
	1591	1622	1626
	1592	1627	1629
	1593	1629	1628
	1594	1627	1630
	1595	1627	1631
	1596	1629	1632
	1597	1629	1633
	1598	1634	1636
	1599	1636	1635
	1600	1634	1637
	1601	1634	1638
	1602	1636	1639
	1603	1636	1640
	1604	1641	1643
	1605	1643	1642
	1606	1641	1644
	1607	1641	1645
	1608	1643	1646
	1609	1643	1647
	1610	1648	1650
	1611	1650	1649
	1612	1648	1651
	1613	1648	1652
	1614	1650	1653
	1615	1650	1654
	1616	1655	1657
	1617	1657	1656
	1618	1655	1658
	1619	1655	1659
	1620	1657	1660
	1621	1657	1661
	1622	1662	1664
	1623	1664	1663
	1624	1662	1665
	1625	1662	1666
	1626	1664	1667
	1627	1664	1668
	1628	1669	1671
	1629	1671	1670
	1630	1669	1672
	1631	1669	1673
	1632	1671	1674
	1633	1671	1675
	1634	1676	1678
	1635	1678	1677
	1636	1676	1679
	1637	1676	1680
	1638	1678	1681
	1639	1678	1682
	1640	1683	1685
	1641	1685	1684
	1642	1683	1686
	1643	1683	1687
	1644	1685	1688
	1645	1685	1689
	1646	1690	1692
	1647	1692	1691
	1648	1690	1693
	1649	1690	1694
	1650	1692	1695
	1651	1692	1696
	1652	1697	1699
	1653	1699	1698
	1654	1697	1700
	1655	1697	1701
	1656	1699	1702
	1657	1699	1703
	1658	1704	1706
	1659	1706	1705
	1660	1704	1707
	1661	1704	1708
	1662	1706	1709
	1663	1706	1710
	1664	1711	1713
	1665	1713	1712
	1666	1711	1714
	1667	1711	1715
	1668	1713	1716
	1669	1713	1717
	1670	1718	1720
	1671	1720	1719
	1672	1718	1721
	1673	1718	1722
	1674	1720	1723
	1675	1720	1724
	1676	1725	1727
	1677	1727	1726
	1678	1725	1728
	1679	1725	1729
	1680	1727	1730
	1681	1727	1731
	1682	1732	1734
	1683	1734	1733
	1684	1732	1735
	1685	1732	1736
	1686	1734	1737
	1687	1734	1738
	1688	1739	1741
	1689	1741	1740
	1690	1739	1742
	1691	1739	1743
	1692	1741	1744
	1693	1741	1745
	1694	1746	1748
	1695	1748	1747
	1696	1746	1749
	1697	1746	1750
	1698	1748	1751
	1699	1748	1752
	1700	1753	1754
	1701	1754	1755
	1702	1753	1756
	1703	1753	1757
	1704	1754	1758
	1705	1754	1759
	1706	1755	1760
      1707  1410  1417
      1708  1418  1424
      1709  1425  1431
      1710  1432  1438
      1711  1439  1445
      1712  1446  1452
      1713  1453  1459
      1714  1460  1466
      1715  1467  1473
      1716  1474  1480
      1717  1481  1487
      1718  1488  1494
      1719  1495  1501
      1720  1502  1508
      1721  1509  1515
      1722  1516  1522
      1723  1523  1529
      1724  1530  1536
      1725  1537  1543
      1726  1544  1550
      1727  1551  1557
      1728  1558  1564
      1729  1565  1571
      1730  1572  1578
      1731  1579  1585
      1732  1586  1592
      1733  1593  1599
      1734  1600  1606
      1735  1607  1613
      1736  1614  1620
      1737  1621  1627
      1738  1628  1634
      1739  1635  1641
      1740  1642  1648
      1741  1649  1655
      1742  1656  1662
      1743  1663  1669
      1744  1670  1676
      1745  1677  1683
      1746  1684  1690
      1747  1691  1697
      1748  1698  1704
      1749  1705  1711
      1750  1712  1718
      1751  1719  1725
      1752  1726  1732
      1753  1733  1739
      1754  1740  1746
      1755  1747  1753
	1756	1761	1763
	1757	1763	1762
	1758	1761	1764
	1759	1761	1765
	1760	1761	1766
	1761	1763	1767
	1762	1763	1768
	1763	1769	1771
	1764	1771	1770
	1765	1769	1772
	1766	1769	1773
	1767	1771	1774
	1768	1771	1775
	1769	1776	1778
	1770	1778	1777
	1771	1776	1779
	1772	1776	1780
	1773	1778	1781
	1774	1778	1782
	1775	1783	1785
	1776	1785	1784
	1777	1783	1786
	1778	1783	1787
	1779	1785	1788
	1780	1785	1789
	1781	1790	1792
	1782	1792	1791
	1783	1790	1793
	1784	1790	1794
	1785	1792	1795
	1786	1792	1796
	1787	1797	1799
	1788	1799	1798
	1789	1797	1800
	1790	1797	1801
	1791	1799	1802
	1792	1799	1803
	1793	1804	1806
	1794	1806	1805
	1795	1804	1807
	1796	1804	1808
	1797	1806	1809
	1798	1806	1810
	1799	1811	1813
	1800	1813	1812
	1801	1811	1814
	1802	1811	1815
	1803	1813	1816
	1804	1813	1817
	1805	1818	1820
	1806	1820	1819
	1807	1818	1821
	1808	1818	1822
	1809	1820	1823
	1810	1820	1824
	1811	1825	1827
	1812	1827	1826
	1813	1825	1828
	1814	1825	1829
	1815	1827	1830
	1816	1827	1831
	1817	1832	1834
	1818	1834	1833
	1819	1832	1835
	1820	1832	1836
	1821	1834	1837
	1822	1834	1838
	1823	1839	1841
	1824	1841	1840
	1825	1839	1842
	1826	1839	1843
	1827	1841	1844
	1828	1841	1845
	1829	1846	1848
	1830	1848	1847
	1831	1846	1849
	1832	1846	1850
	1833	1848	1851
	1834	1848	1852
	1835	1853	1855
	1836	1855	1854
	1837	1853	1856
	1838	1853	1857
	1839	1855	1858
	1840	1855	1859
	1841	1860	1862
	1842	1862	1861
	1843	1860	1863
	1844	1860	1864
	1845	1862	1865
	1846	1862	1866
	1847	1867	1869
	1848	1869	1868
	1849	1867	1870
	1850	1867	1871
	1851	1869	1872
	1852	1869	1873
	1853	1874	1876
	1854	1876	1875
	1855	1874	1877
	1856	1874	1878
	1857	1876	1879
	1858	1876	1880
	1859	1881	1883
	1860	1883	1882
	1861	1881	1884
	1862	1881	1885
	1863	1883	1886
	1864	1883	1887
	1865	1888	1890
	1866	1890	1889
	1867	1888	1891
	1868	1888	1892
	1869	1890	1893
	1870	1890	1894
	1871	1895	1897
	1872	1897	1896
	1873	1895	1898
	1874	1895	1899
	1875	1897	1900
	1876	1897	1901
	1877	1902	1904
	1878	1904	1903
	1879	1902	1905
	1880	1902	1906
	1881	1904	1907
	1882	1904	1908
	1883	1909	1911
	1884	1911	1910
	1885	1909	1912
	1886	1909	1913
	1887	1911	1914
	1888	1911	1915
	1889	1916	1918
	1890	1918	1917
	1891	1916	1919
	1892	1916	1920
	1893	1918	1921
	1894	1918	1922
	1895	1923	1925
	1896	1925	1924
	1897	1923	1926
	1898	1923	1927
	1899	1925	1928
	1900	1925	1929
	1901	1930	1932
	1902	1932	1931
	1903	1930	1933
	1904	1930	1934
	1905	1932	1935
	1906	1932	1936
	1907	1937	1939
	1908	1939	1938
	1909	1937	1940
	1910	1937	1941
	1911	1939	1942
	1912	1939	1943
	1913	1944	1946
	1914	1946	1945
	1915	1944	1947
	1916	1944	1948
	1917	1946	1949
	1918	1946	1950
	1919	1951	1953
	1920	1953	1952
	1921	1951	1954
	1922	1951	1955
	1923	1953	1956
	1924	1953	1957
	1925	1958	1960
	1926	1960	1959
	1927	1958	1961
	1928	1958	1962
	1929	1960	1963
	1930	1960	1964
	1931	1965	1967
	1932	1967	1966
	1933	1965	1968
	1934	1965	1969
	1935	1967	1970
	1936	1967	1971
	1937	1972	1974
	1938	1974	1973
	1939	1972	1975
	1940	1972	1976
	1941	1974	1977
	1942	1974	1978
	1943	1979	1981
	1944	1981	1980
	1945	1979	1982
	1946	1979	1983
	1947	1981	1984
	1948	1981	1985
	1949	1986	1988
	1950	1988	1987
	1951	1986	1989
	1952	1986	1990
	1953	1988	1991
	1954	1988	1992
	1955	1993	1995
	1956	1995	1994
	1957	1993	1996
	1958	1993	1997
	1959	1995	1998
	1960	1995	1999
	1961	2000	2002
	1962	2002	2001
	1963	2000	2003
	1964	2000	2004
	1965	2002	2005
	1966	2002	2006
	1967	2007	2009
	1968	2009	2008
	1969	2007	2010
	1970	2007	2011
	1971	2009	2012
	1972	2009	2013
	1973	2014	2016
	1974	2016	2015
	1975	2014	2017
	1976	2014	2018
	1977	2016	2019
	1978	2016	2020
	1979	2021	2023
	1980	2023	2022
	1981	2021	2024
	1982	2021	2025
	1983	2023	2026
	1984	2023	2027
	1985	2028	2030
	1986	2030	2029
	1987	2028	2031
	1988	2028	2032
	1989	2030	2033
	1990	2030	2034
	1991	2035	2037
	1992	2037	2036
	1993	2035	2038
	1994	2035	2039
	1995	2037	2040
	1996	2037	2041
	1997	2042	2044
	1998	2044	2043
	1999	2042	2045
	2000	2042	2046
	2001	2044	2047
	2002	2044	2048
	2003	2049	2051
	2004	2051	2050
	2005	2049	2052
	2006	2049	2053
	2007	2051	2054
	2008	2051	2055
	2009	2056	2058
	2010	2058	2057
	2011	2056	2059
	2012	2056	2060
	2013	2058	2061
	2014	2058	2062
	2015	2063	2065
	2016	2065	2064
	2017	2063	2066
	2018	2063	2067
	2019	2065	2068
	2020	2065	2069
	2021	2070	2072
	2022	2072	2071
	2023	2070	2073
	2024	2070	2074
	2025	2072	2075
	2026	2072	2076
	2027	2077	2079
	2028	2079	2078
	2029	2077	2080
	2030	2077	2081
	2031	2079	2082
	2032	2079	2083
	2033	2084	2086
	2034	2086	2085
	2035	2084	2087
	2036	2084	2088
	2037	2086	2089
	2038	2086	2090
	2039	2091	2093
	2040	2093	2092
	2041	2091	2094
	2042	2091	2095
	2043	2093	2096
	2044	2093	2097
	2045	2098	2100
	2046	2100	2099
	2047	2098	2101
	2048	2098	2102
	2049	2100	2103
	2050	2100	2104
	2051	2105	2106
	2052	2106	2107
	2053	2105	2108
	2054	2105	2109
	2055	2106	2110
	2056	2106	2111
	2057	2107	2112
      2058  1762  1769
      2059  1770  1776
      2060  1777  1783
      2061  1784  1790
      2062  1791  1797
      2063  1798  1804
      2064  1805  1811
      2065  1812  1818
      2066  1819  1825
      2067  1826  1832
      2068  1833  1839
      2069  1840  1846
      2070  1847  1853
      2071  1854  1860
      2072  1861  1867
      2073  1868  1874
      2074  1875  1881
      2075  1882  1888
      2076  1889  1895
      2077  1896  1902
      2078  1903  1909
      2079  1910  1916
      2080  1917  1923
      2081  1924  1930
      2082  1931  1937
      2083  1938  1944
      2084  1945  1951
      2085  1952  1958
      2086  1959  1965
      2087  1966  1972
      2088  1973  1979
      2089  1980  1986
      2090  1987  1993
      2091  1994  2000
      2092  2001  2007
      2093  2008  2014
      2094  2015  2021
      2095  2022  2028
      2096  2029  2035
      2097  2036  2042
      2098  2043  2049
      2099  2050  2056
      2100  2057  2063
      2101  2064  2070
      2102  2071  2077
      2103  2078  2084
      2104  2085  2091
      2105  2092  2098
      2106  2099  2105
	2107	2113	2115
	2108	2115	2114
	2109	2113	2116
	2110	2113	2117
	2111	2113	2118
	2112	2115	2119
	2113	2115	2120
	2114	2121	2123
	2115	2123	2122
	2116	2121	2124
	2117	2121	2125
	2118	2123	2126
	2119	2123	2127
	2120	2128	2130
	2121	2130	2129
	2122	2128	2131
	2123	2128	2132
	2124	2130	2133
	2125	2130	2134
	2126	2135	2137
	2127	2137	2136
	2128	2135	2138
	2129	2135	2139
	2130	2137	2140
	2131	2137	2141
	2132	2142	2144
	2133	2144	2143
	2134	2142	2145
	2135	2142	2146
	2136	2144	2147
	2137	2144	2148
	2138	2149	2151
	2139	2151	2150
	2140	2149	2152
	2141	2149	2153
	2142	2151	2154
	2143	2151	2155
	2144	2156	2158
	2145	2158	2157
	2146	2156	2159
	2147	2156	2160
	2148	2158	2161
	2149	2158	2162
	2150	2163	2165
	2151	2165	2164
	2152	2163	2166
	2153	2163	2167
	2154	2165	2168
	2155	2165	2169
	2156	2170	2172
	2157	2172	2171
	2158	2170	2173
	2159	2170	2174
	2160	2172	2175
	2161	2172	2176
	2162	2177	2179
	2163	2179	2178
	2164	2177	2180
	2165	2177	2181
	2166	2179	2182
	2167	2179	2183
	2168	2184	2186
	2169	2186	2185
	2170	2184	2187
	2171	2184	2188
	2172	2186	2189
	2173	2186	2190
	2174	2191	2193
	2175	2193	2192
	2176	2191	2194
	2177	2191	2195
	2178	2193	2196
	2179	2193	2197
	2180	2198	2200
	2181	2200	2199
	2182	2198	2201
	2183	2198	2202
	2184	2200	2203
	2185	2200	2204
	2186	2205	2207
	2187	2207	2206
	2188	2205	2208
	2189	2205	2209
	2190	2207	2210
	2191	2207	2211
	2192	2212	2214
	2193	2214	2213
	2194	2212	2215
	2195	2212	2216
	2196	2214	2217
	2197	2214	2218
	2198	2219	2221
	2199	2221	2220
	2200	2219	2222
	2201	2219	2223
	2202	2221	2224
	2203	2221	2225
	2204	2226	2228
	2205	2228	2227
	2206	2226	2229
	2207	2226	2230
	2208	2228	2231
	2209	2228	2232
	2210	2233	2235
	2211	2235	2234
	2212	2233	2236
	2213	2233	2237
	2214	2235	2238
	2215	2235	2239
	2216	2240	2242
	2217	2242	2241
	2218	2240	2243
	2219	2240	2244
	2220	2242	2245
	2221	2242	2246
	2222	2247	2249
	2223	2249	2248
	2224	2247	2250
	2225	2247	2251
	2226	2249	2252
	2227	2249	2253
	2228	2254	2256
	2229	2256	2255
	2230	2254	2257
	2231	2254	2258
	2232	2256	2259
	2233	2256	2260
	2234	2261	2263
	2235	2263	2262
	2236	2261	2264
	2237	2261	2265
	2238	2263	2266
	2239	2263	2267
	2240	2268	2270
	2241	2270	2269
	2242	2268	2271
	2243	2268	2272
	2244	2270	2273
	2245	2270	2274
	2246	2275	2277
	2247	2277	2276
	2248	2275	2278
	2249	2275	2279
	2250	2277	2280
	2251	2277	2281
	2252	2282	2284
	2253	2284	2283
	2254	2282	2285
	2255	2282	2286
	2256	2284	2287
	2257	2284	2288
	2258	2289	2291
	2259	2291	2290
	2260	2289	2292
	2261	2289	2293
	2262	2291	2294
	2263	2291	2295
	2264	2296	2298
	2265	2298	2297
	2266	2296	2299
	2267	2296	2300
	2268	2298	2301
	2269	2298	2302
	2270	2303	2305
	2271	2305	2304
	2272	2303	2306
	2273	2303	2307
	2274	2305	2308
	2275	2305	2309
	2276	2310	2312
	2277	2312	2311
	2278	2310	2313
	2279	2310	2314
	2280	2312	2315
	2281	2312	2316
	2282	2317	2319
	2283	2319	2318
	2284	2317	2320
	2285	2317	2321
	2286	2319	2322
	2287	2319	2323
	2288	2324	2326
	2289	2326	2325
	2290	2324	2327
	2291	2324	2328
	2292	2326	2329
	2293	2326	2330
	2294	2331	2333
	2295	2333	2332
	2296	2331	2334
	2297	2331	2335
	2298	2333	2336
	2299	2333	2337
	2300	2338	2340
	2301	2340	2339
	2302	2338	2341
	2303	2338	2342
	2304	2340	2343
	2305	2340	2344
	2306	2345	2347
	2307	2347	2346
	2308	2345	2348
	2309	2345	2349
	2310	2347	2350
	2311	2347	2351
	2312	2352	2354
	2313	2354	2353
	2314	2352	2355
	2315	2352	2356
	2316	2354	2357
	2317	2354	2358
	2318	2359	2361
	2319	2361	2360
	2320	2359	2362
	2321	2359	2363
	2322	2361	2364
	2323	2361	2365
	2324	2366	2368
	2325	2368	2367
	2326	2366	2369
	2327	2366	2370
	2328	2368	2371
	2329	2368	2372
	2330	2373	2375
	2331	2375	2374
	2332	2373	2376
	2333	2373	2377
	2334	2375	2378
	2335	2375	2379
	2336	2380	2382
	2337	2382	2381
	2338	2380	2383
	2339	2380	2384
	2340	2382	2385
	2341	2382	2386
	2342	2387	2389
	2343	2389	2388
	2344	2387	2390
	2345	2387	2391
	2346	2389	2392
	2347	2389	2393
	2348	2394	2396
	2349	2396	2395
	2350	2394	2397
	2351	2394	2398
	2352	2396	2399
	2353	2396	2400
	2354	2401	2403
	2355	2403	2402
	2356	2401	2404
	2357	2401	2405
	2358	2403	2406
	2359	2403	2407
	2360	2408	2410
	2361	2410	2409
	2362	2408	2411
	2363	2408	2412
	2364	2410	2413
	2365	2410	2414
	2366	2415	2417
	2367	2417	2416
	2368	2415	2418
	2369	2415	2419
	2370	2417	2420
	2371	2417	2421
	2372	2422	2424
	2373	2424	2423
	2374	2422	2425
	2375	2422	2426
	2376	2424	2427
	2377	2424	2428
	2378	2429	2431
	2379	2431	2430
	2380	2429	2432
	2381	2429	2433
	2382	2431	2434
	2383	2431	2435
	2384	2436	2438
	2385	2438	2437
	2386	2436	2439
	2387	2436	2440
	2388	2438	2441
	2389	2438	2442
	2390	2443	2445
	2391	2445	2444
	2392	2443	2446
	2393	2443	2447
	2394	2445	2448
	2395	2445	2449
	2396	2450	2452
	2397	2452	2451
	2398	2450	2453
	2399	2450	2454
	2400	2452	2455
	2401	2452	2456
	2402	2457	2458
	2403	2458	2459
	2404	2457	2460
	2405	2457	2461
	2406	2458	2462
	2407	2458	2463
	2408	2459	2464
      2409  2114  2121
      2410  2122  2128
      2411  2129  2135
      2412  2136  2142
      2413  2143  2149
      2414  2150  2156
      2415  2157  2163
      2416  2164  2170
      2417  2171  2177
      2418  2178  2184
      2419  2185  2191
      2420  2192  2198
      2421  2199  2205
      2422  2206  2212
      2423  2213  2219
      2424  2220  2226
      2425  2227  2233
      2426  2234  2240
      2427  2241  2247
      2428  2248  2254
      2429  2255  2261
      2430  2262  2268
      2431  2269  2275
      2432  2276  2282
      2433  2283  2289
      2434  2290  2296
      2435  2297  2303
      2436  2304  2310
      2437  2311  2317
      2438  2318  2324
      2439  2325  2331
      2440  2332  2338
      2441  2339  2345
      2442  2346  2352
      2443  2353  2359
      2444  2360  2366
      2445  2367  2373
      2446  2374  2380
      2447  2381  2387
      2448  2388  2394
      2449  2395  2401
      2450  2402  2408
      2451  2409  2415
      2452  2416  2422
      2453  2423  2429
      2454  2430  2436
      2455  2437  2443
      2456  2444  2450
      2457  2451  2457
	2458	2465	2467
	2459	2467	2466
	2460	2465	2468
	2461	2465	2469
	2462	2465	2470
	2463	2467	2471
	2464	2467	2472
	2465	2473	2475
	2466	2475	2474
	2467	2473	2476
	2468	2473	2477
	2469	2475	2478
	2470	2475	2479
	2471	2480	2482
	2472	2482	2481
	2473	2480	2483
	2474	2480	2484
	2475	2482	2485
	2476	2482	2486
	2477	2487	2489
	2478	2489	2488
	2479	2487	2490
	2480	2487	2491
	2481	2489	2492
	2482	2489	2493
	2483	2494	2496
	2484	2496	2495
	2485	2494	2497
	2486	2494	2498
	2487	2496	2499
	2488	2496	2500
	2489	2501	2503
	2490	2503	2502
	2491	2501	2504
	2492	2501	2505
	2493	2503	2506
	2494	2503	2507
	2495	2508	2510
	2496	2510	2509
	2497	2508	2511
	2498	2508	2512
	2499	2510	2513
	2500	2510	2514
	2501	2515	2517
	2502	2517	2516
	2503	2515	2518
	2504	2515	2519
	2505	2517	2520
	2506	2517	2521
	2507	2522	2524
	2508	2524	2523
	2509	2522	2525
	2510	2522	2526
	2511	2524	2527
	2512	2524	2528
	2513	2529	2531
	2514	2531	2530
	2515	2529	2532
	2516	2529	2533
	2517	2531	2534
	2518	2531	2535
	2519	2536	2538
	2520	2538	2537
	2521	2536	2539
	2522	2536	2540
	2523	2538	2541
	2524	2538	2542
	2525	2543	2545
	2526	2545	2544
	2527	2543	2546
	2528	2543	2547
	2529	2545	2548
	2530	2545	2549
	2531	2550	2552
	2532	2552	2551
	2533	2550	2553
	2534	2550	2554
	2535	2552	2555
	2536	2552	2556
	2537	2557	2559
	2538	2559	2558
	2539	2557	2560
	2540	2557	2561
	2541	2559	2562
	2542	2559	2563
	2543	2564	2566
	2544	2566	2565
	2545	2564	2567
	2546	2564	2568
	2547	2566	2569
	2548	2566	2570
	2549	2571	2573
	2550	2573	2572
	2551	2571	2574
	2552	2571	2575
	2553	2573	2576
	2554	2573	2577
	2555	2578	2580
	2556	2580	2579
	2557	2578	2581
	2558	2578	2582
	2559	2580	2583
	2560	2580	2584
	2561	2585	2587
	2562	2587	2586
	2563	2585	2588
	2564	2585	2589
	2565	2587	2590
	2566	2587	2591
	2567	2592	2594
	2568	2594	2593
	2569	2592	2595
	2570	2592	2596
	2571	2594	2597
	2572	2594	2598
	2573	2599	2601
	2574	2601	2600
	2575	2599	2602
	2576	2599	2603
	2577	2601	2604
	2578	2601	2605
	2579	2606	2608
	2580	2608	2607
	2581	2606	2609
	2582	2606	2610
	2583	2608	2611
	2584	2608	2612
	2585	2613	2615
	2586	2615	2614
	2587	2613	2616
	2588	2613	2617
	2589	2615	2618
	2590	2615	2619
	2591	2620	2622
	2592	2622	2621
	2593	2620	2623
	2594	2620	2624
	2595	2622	2625
	2596	2622	2626
	2597	2627	2629
	2598	2629	2628
	2599	2627	2630
	2600	2627	2631
	2601	2629	2632
	2602	2629	2633
	2603	2634	2636
	2604	2636	2635
	2605	2634	2637
	2606	2634	2638
	2607	2636	2639
	2608	2636	2640
	2609	2641	2643
	2610	2643	2642
	2611	2641	2644
	2612	2641	2645
	2613	2643	2646
	2614	2643	2647
	2615	2648	2650
	2616	2650	2649
	2617	2648	2651
	2618	2648	2652
	2619	2650	2653
	2620	2650	2654
	2621	2655	2657
	2622	2657	2656
	2623	2655	2658
	2624	2655	2659
	2625	2657	2660
	2626	2657	2661
	2627	2662	2664
	2628	2664	2663
	2629	2662	2665
	2630	2662	2666
	2631	2664	2667
	2632	2664	2668
	2633	2669	2671
	2634	2671	2670
	2635	2669	2672
	2636	2669	2673
	2637	2671	2674
	2638	2671	2675
	2639	2676	2678
	2640	2678	2677
	2641	2676	2679
	2642	2676	2680
	2643	2678	2681
	2644	2678	2682
	2645	2683	2685
	2646	2685	2684
	2647	2683	2686
	2648	2683	2687
	2649	2685	2688
	2650	2685	2689
	2651	2690	2692
	2652	2692	2691
	2653	2690	2693
	2654	2690	2694
	2655	2692	2695
	2656	2692	2696
	2657	2697	2699
	2658	2699	2698
	2659	2697	2700
	2660	2697	2701
	2661	2699	2702
	2662	2699	2703
	2663	2704	2706
	2664	2706	2705
	2665	2704	2707
	2666	2704	2708
	2667	2706	2709
	2668	2706	2710
	2669	2711	2713
	2670	2713	2712
	2671	2711	2714
	2672	2711	2715
	2673	2713	2716
	2674	2713	2717
	2675	2718	2720
	2676	2720	2719
	2677	2718	2721
	2678	2718	2722
	2679	2720	2723
	2680	2720	2724
	2681	2725	2727
	2682	2727	2726
	2683	2725	2728
	2684	2725	2729
	2685	2727	2730
	2686	2727	2731
	2687	2732	2734
	2688	2734	2733
	2689	2732	2735
	2690	2732	2736
	2691	2734	2737
	2692	2734	2738
	2693	2739	2741
	2694	2741	2740
	2695	2739	2742
	2696	2739	2743
	2697	2741	2744
	2698	2741	2745
	2699	2746	2748
	2700	2748	2747
	2701	2746	2749
	2702	2746	2750
	2703	2748	2751
	2704	2748	2752
	2705	2753	2755
	2706	2755	2754
	2707	2753	2756
	2708	2753	2757
	2709	2755	2758
	2710	2755	2759
	2711	2760	2762
	2712	2762	2761
	2713	2760	2763
	2714	2760	2764
	2715	2762	2765
	2716	2762	2766
	2717	2767	2769
	2718	2769	2768
	2719	2767	2770
	2720	2767	2771
	2721	2769	2772
	2722	2769	2773
	2723	2774	2776
	2724	2776	2775
	2725	2774	2777
	2726	2774	2778
	2727	2776	2779
	2728	2776	2780
	2729	2781	2783
	2730	2783	2782
	2731	2781	2784
	2732	2781	2785
	2733	2783	2786
	2734	2783	2787
	2735	2788	2790
	2736	2790	2789
	2737	2788	2791
	2738	2788	2792
	2739	2790	2793
	2740	2790	2794
	2741	2795	2797
	2742	2797	2796
	2743	2795	2798
	2744	2795	2799
	2745	2797	2800
	2746	2797	2801
	2747	2802	2804
	2748	2804	2803
	2749	2802	2805
	2750	2802	2806
	2751	2804	2807
	2752	2804	2808
	2753	2809	2810
	2754	2810	2811
	2755	2809	2812
	2756	2809	2813
	2757	2810	2814
	2758	2810	2815
	2759	2811	2816
      2760  2466  2473
      2761  2474  2480
      2762  2481  2487
      2763  2488  2494
      2764  2495  2501
      2765  2502  2508
      2766  2509  2515
      2767  2516  2522
      2768  2523  2529
      2769  2530  2536
      2770  2537  2543
      2771  2544  2550
      2772  2551  2557
      2773  2558  2564
      2774  2565  2571
      2775  2572  2578
      2776  2579  2585
      2777  2586  2592
      2778  2593  2599
      2779  2600  2606
      2780  2607  2613
      2781  2614  2620
      2782  2621  2627
      2783  2628  2634
      2784  2635  2641
      2785  2642  2648
      2786  2649  2655
      2787  2656  2662
      2788  2663  2669
      2789  2670  2676
      2790  2677  2683
      2791  2684  2690
      2792  2691  2697
      2793  2698  2704
      2794  2705  2711
      2795  2712  2718
      2796  2719  2725
      2797  2726  2732
      2798  2733  2739
      2799  2740  2746
      2800  2747  2753
      2801  2754  2760
      2802  2761  2767
      2803  2768  2774
      2804  2775  2781
      2805  2782  2788
      2806  2789  2795
      2807  2796  2802
      2808  2803  2809
	2809	2817	2819
	2810	2819	2818
	2811	2817	2820
	2812	2817	2821
	2813	2817	2822
	2814	2819	2823
	2815	2819	2824
	2816	2825	2827
	2817	2827	2826
	2818	2825	2828
	2819	2825	2829
	2820	2827	2830
	2821	2827	2831
	2822	2832	2834
	2823	2834	2833
	2824	2832	2835
	2825	2832	2836
	2826	2834	2837
	2827	2834	2838
	2828	2839	2841
	2829	2841	2840
	2830	2839	2842
	2831	2839	2843
	2832	2841	2844
	2833	2841	2845
	2834	2846	2848
	2835	2848	2847
	2836	2846	2849
	2837	2846	2850
	2838	2848	2851
	2839	2848	2852
	2840	2853	2855
	2841	2855	2854
	2842	2853	2856
	2843	2853	2857
	2844	2855	2858
	2845	2855	2859
	2846	2860	2862
	2847	2862	2861
	2848	2860	2863
	2849	2860	2864
	2850	2862	2865
	2851	2862	2866
	2852	2867	2869
	2853	2869	2868
	2854	2867	2870
	2855	2867	2871
	2856	2869	2872
	2857	2869	2873
	2858	2874	2876
	2859	2876	2875
	2860	2874	2877
	2861	2874	2878
	2862	2876	2879
	2863	2876	2880
	2864	2881	2883
	2865	2883	2882
	2866	2881	2884
	2867	2881	2885
	2868	2883	2886
	2869	2883	2887
	2870	2888	2890
	2871	2890	2889
	2872	2888	2891
	2873	2888	2892
	2874	2890	2893
	2875	2890	2894
	2876	2895	2897
	2877	2897	2896
	2878	2895	2898
	2879	2895	2899
	2880	2897	2900
	2881	2897	2901
	2882	2902	2904
	2883	2904	2903
	2884	2902	2905
	2885	2902	2906
	2886	2904	2907
	2887	2904	2908
	2888	2909	2911
	2889	2911	2910
	2890	2909	2912
	2891	2909	2913
	2892	2911	2914
	2893	2911	2915
	2894	2916	2918
	2895	2918	2917
	2896	2916	2919
	2897	2916	2920
	2898	2918	2921
	2899	2918	2922
	2900	2923	2925
	2901	2925	2924
	2902	2923	2926
	2903	2923	2927
	2904	2925	2928
	2905	2925	2929
	2906	2930	2932
	2907	2932	2931
	2908	2930	2933
	2909	2930	2934
	2910	2932	2935
	2911	2932	2936
	2912	2937	2939
	2913	2939	2938
	2914	2937	2940
	2915	2937	2941
	2916	2939	2942
	2917	2939	2943
	2918	2944	2946
	2919	2946	2945
	2920	2944	2947
	2921	2944	2948
	2922	2946	2949
	2923	2946	2950
	2924	2951	2953
	2925	2953	2952
	2926	2951	2954
	2927	2951	2955
	2928	2953	2956
	2929	2953	2957
	2930	2958	2960
	2931	2960	2959
	2932	2958	2961
	2933	2958	2962
	2934	2960	2963
	2935	2960	2964
	2936	2965	2967
	2937	2967	2966
	2938	2965	2968
	2939	2965	2969
	2940	2967	2970
	2941	2967	2971
	2942	2972	2974
	2943	2974	2973
	2944	2972	2975
	2945	2972	2976
	2946	2974	2977
	2947	2974	2978
	2948	2979	2981
	2949	2981	2980
	2950	2979	2982
	2951	2979	2983
	2952	2981	2984
	2953	2981	2985
	2954	2986	2988
	2955	2988	2987
	2956	2986	2989
	2957	2986	2990
	2958	2988	2991
	2959	2988	2992
	2960	2993	2995
	2961	2995	2994
	2962	2993	2996
	2963	2993	2997
	2964	2995	2998
	2965	2995	2999
	2966	3000	3002
	2967	3002	3001
	2968	3000	3003
	2969	3000	3004
	2970	3002	3005
	2971	3002	3006
	2972	3007	3009
	2973	3009	3008
	2974	3007	3010
	2975	3007	3011
	2976	3009	3012
	2977	3009	3013
	2978	3014	3016
	2979	3016	3015
	2980	3014	3017
	2981	3014	3018
	2982	3016	3019
	2983	3016	3020
	2984	3021	3023
	2985	3023	3022
	2986	3021	3024
	2987	3021	3025
	2988	3023	3026
	2989	3023	3027
	2990	3028	3030
	2991	3030	3029
	2992	3028	3031
	2993	3028	3032
	2994	3030	3033
	2995	3030	3034
	2996	3035	3037
	2997	3037	3036
	2998	3035	3038
	2999	3035	3039
	3000	3037	3040
	3001	3037	3041
	3002	3042	3044
	3003	3044	3043
	3004	3042	3045
	3005	3042	3046
	3006	3044	3047
	3007	3044	3048
	3008	3049	3051
	3009	3051	3050
	3010	3049	3052
	3011	3049	3053
	3012	3051	3054
	3013	3051	3055
	3014	3056	3058
	3015	3058	3057
	3016	3056	3059
	3017	3056	3060
	3018	3058	3061
	3019	3058	3062
	3020	3063	3065
	3021	3065	3064
	3022	3063	3066
	3023	3063	3067
	3024	3065	3068
	3025	3065	3069
	3026	3070	3072
	3027	3072	3071
	3028	3070	3073
	3029	3070	3074
	3030	3072	3075
	3031	3072	3076
	3032	3077	3079
	3033	3079	3078
	3034	3077	3080
	3035	3077	3081
	3036	3079	3082
	3037	3079	3083
	3038	3084	3086
	3039	3086	3085
	3040	3084	3087
	3041	3084	3088
	3042	3086	3089
	3043	3086	3090
	3044	3091	3093
	3045	3093	3092
	3046	3091	3094
	3047	3091	3095
	3048	3093	3096
	3049	3093	3097
	3050	3098	3100
	3051	3100	3099
	3052	3098	3101
	3053	3098	3102
	3054	3100	3103
	3055	3100	3104
	3056	3105	3107
	3057	3107	3106
	3058	3105	3108
	3059	3105	3109
	3060	3107	3110
	3061	3107	3111
	3062	3112	3114
	3063	3114	3113
	3064	3112	3115
	3065	3112	3116
	3066	3114	3117
	3067	3114	3118
	3068	3119	3121
	3069	3121	3120
	3070	3119	3122
	3071	3119	3123
	3072	3121	3124
	3073	3121	3125
	3074	3126	3128
	3075	3128	3127
	3076	3126	3129
	3077	3126	3130
	3078	3128	3131
	3079	3128	3132
	3080	3133	3135
	3081	3135	3134
	3082	3133	3136
	3083	3133	3137
	3084	3135	3138
	3085	3135	3139
	3086	3140	3142
	3087	3142	3141
	3088	3140	3143
	3089	3140	3144
	3090	3142	3145
	3091	3142	3146
	3092	3147	3149
	3093	3149	3148
	3094	3147	3150
	3095	3147	3151
	3096	3149	3152
	3097	3149	3153
	3098	3154	3156
	3099	3156	3155
	3100	3154	3157
	3101	3154	3158
	3102	3156	3159
	3103	3156	3160
	3104	3161	3162
	3105	3162	3163
	3106	3161	3164
	3107	3161	3165
	3108	3162	3166
	3109	3162	3167
	3110	3163	3168
      3111  2818  2825
      3112  2826  2832
      3113  2833  2839
      3114  2840  2846
      3115  2847  2853
      3116  2854  2860
      3117  2861  2867
      3118  2868  2874
      3119  2875  2881
      3120  2882  2888
      3121  2889  2895
      3122  2896  2902
      3123  2903  2909
      3124  2910  2916
      3125  2917  2923
      3126  2924  2930
      3127  2931  2937
      3128  2938  2944
      3129  2945  2951
      3130  2952  2958
      3131  2959  2965
      3132  2966  2972
      3133  2973  2979
      3134  2980  2986
      3135  2987  2993
      3136  2994  3000
      3137  3001  3007
      3138  3008  3014
      3139  3015  3021
      3140  3022  3028
      3141  3029  3035
      3142  3036  3042
      3143  3043  3049
      3144  3050  3056
      3145  3057  3063
      3146  3064  3070
      3147  3071  3077
      3148  3078  3084
      3149  3085  3091
      3150  3092  3098
      3151  3099  3105
      3152  3106  3112
      3153  3113  3119
      3154  3120  3126
      3155  3127  3133
      3156  3134  3140
      3157  3141  3147
      3158  3148  3154
      3159  3155  3161
	3160	3169	3171
	3161	3171	3170
	3162	3169	3172
	3163	3169	3173
	3164	3169	3174
	3165	3171	3175
	3166	3171	3176
	3167	3177	3179
	3168	3179	3178
	3169	3177	3180
	3170	3177	3181
	3171	3179	3182
	3172	3179	3183
	3173	3184	3186
	3174	3186	3185
	3175	3184	3187
	3176	3184	3188
	3177	3186	3189
	3178	3186	3190
	3179	3191	3193
	3180	3193	3192
	3181	3191	3194
	3182	3191	3195
	3183	3193	3196
	3184	3193	3197
	3185	3198	3200
	3186	3200	3199
	3187	3198	3201
	3188	3198	3202
	3189	3200	3203
	3190	3200	3204
	3191	3205	3207
	3192	3207	3206
	3193	3205	3208
	3194	3205	3209
	3195	3207	3210
	3196	3207	3211
	3197	3212	3214
	3198	3214	3213
	3199	3212	3215
	3200	3212	3216
	3201	3214	3217
	3202	3214	3218
	3203	3219	3221
	3204	3221	3220
	3205	3219	3222
	3206	3219	3223
	3207	3221	3224
	3208	3221	3225
	3209	3226	3228
	3210	3228	3227
	3211	3226	3229
	3212	3226	3230
	3213	3228	3231
	3214	3228	3232
	3215	3233	3235
	3216	3235	3234
	3217	3233	3236
	3218	3233	3237
	3219	3235	3238
	3220	3235	3239
	3221	3240	3242
	3222	3242	3241
	3223	3240	3243
	3224	3240	3244
	3225	3242	3245
	3226	3242	3246
	3227	3247	3249
	3228	3249	3248
	3229	3247	3250
	3230	3247	3251
	3231	3249	3252
	3232	3249	3253
	3233	3254	3256
	3234	3256	3255
	3235	3254	3257
	3236	3254	3258
	3237	3256	3259
	3238	3256	3260
	3239	3261	3263
	3240	3263	3262
	3241	3261	3264
	3242	3261	3265
	3243	3263	3266
	3244	3263	3267
	3245	3268	3270
	3246	3270	3269
	3247	3268	3271
	3248	3268	3272
	3249	3270	3273
	3250	3270	3274
	3251	3275	3277
	3252	3277	3276
	3253	3275	3278
	3254	3275	3279
	3255	3277	3280
	3256	3277	3281
	3257	3282	3284
	3258	3284	3283
	3259	3282	3285
	3260	3282	3286
	3261	3284	3287
	3262	3284	3288
	3263	3289	3291
	3264	3291	3290
	3265	3289	3292
	3266	3289	3293
	3267	3291	3294
	3268	3291	3295
	3269	3296	3298
	3270	3298	3297
	3271	3296	3299
	3272	3296	3300
	3273	3298	3301
	3274	3298	3302
	3275	3303	3305
	3276	3305	3304
	3277	3303	3306
	3278	3303	3307
	3279	3305	3308
	3280	3305	3309
	3281	3310	3312
	3282	3312	3311
	3283	3310	3313
	3284	3310	3314
	3285	3312	3315
	3286	3312	3316
	3287	3317	3319
	3288	3319	3318
	3289	3317	3320
	3290	3317	3321
	3291	3319	3322
	3292	3319	3323
	3293	3324	3326
	3294	3326	3325
	3295	3324	3327
	3296	3324	3328
	3297	3326	3329
	3298	3326	3330
	3299	3331	3333
	3300	3333	3332
	3301	3331	3334
	3302	3331	3335
	3303	3333	3336
	3304	3333	3337
	3305	3338	3340
	3306	3340	3339
	3307	3338	3341
	3308	3338	3342
	3309	3340	3343
	3310	3340	3344
	3311	3345	3347
	3312	3347	3346
	3313	3345	3348
	3314	3345	3349
	3315	3347	3350
	3316	3347	3351
	3317	3352	3354
	3318	3354	3353
	3319	3352	3355
	3320	3352	3356
	3321	3354	3357
	3322	3354	3358
	3323	3359	3361
	3324	3361	3360
	3325	3359	3362
	3326	3359	3363
	3327	3361	3364
	3328	3361	3365
	3329	3366	3368
	3330	3368	3367
	3331	3366	3369
	3332	3366	3370
	3333	3368	3371
	3334	3368	3372
	3335	3373	3375
	3336	3375	3374
	3337	3373	3376
	3338	3373	3377
	3339	3375	3378
	3340	3375	3379
	3341	3380	3382
	3342	3382	3381
	3343	3380	3383
	3344	3380	3384
	3345	3382	3385
	3346	3382	3386
	3347	3387	3389
	3348	3389	3388
	3349	3387	3390
	3350	3387	3391
	3351	3389	3392
	3352	3389	3393
	3353	3394	3396
	3354	3396	3395
	3355	3394	3397
	3356	3394	3398
	3357	3396	3399
	3358	3396	3400
	3359	3401	3403
	3360	3403	3402
	3361	3401	3404
	3362	3401	3405
	3363	3403	3406
	3364	3403	3407
	3365	3408	3410
	3366	3410	3409
	3367	3408	3411
	3368	3408	3412
	3369	3410	3413
	3370	3410	3414
	3371	3415	3417
	3372	3417	3416
	3373	3415	3418
	3374	3415	3419
	3375	3417	3420
	3376	3417	3421
	3377	3422	3424
	3378	3424	3423
	3379	3422	3425
	3380	3422	3426
	3381	3424	3427
	3382	3424	3428
	3383	3429	3431
	3384	3431	3430
	3385	3429	3432
	3386	3429	3433
	3387	3431	3434
	3388	3431	3435
	3389	3436	3438
	3390	3438	3437
	3391	3436	3439
	3392	3436	3440
	3393	3438	3441
	3394	3438	3442
	3395	3443	3445
	3396	3445	3444
	3397	3443	3446
	3398	3443	3447
	3399	3445	3448
	3400	3445	3449
	3401	3450	3452
	3402	3452	3451
	3403	3450	3453
	3404	3450	3454
	3405	3452	3455
	3406	3452	3456
	3407	3457	3459
	3408	3459	3458
	3409	3457	3460
	3410	3457	3461
	3411	3459	3462
	3412	3459	3463
	3413	3464	3466
	3414	3466	3465
	3415	3464	3467
	3416	3464	3468
	3417	3466	3469
	3418	3466	3470
	3419	3471	3473
	3420	3473	3472
	3421	3471	3474
	3422	3471	3475
	3423	3473	3476
	3424	3473	3477
	3425	3478	3480
	3426	3480	3479
	3427	3478	3481
	3428	3478	3482
	3429	3480	3483
	3430	3480	3484
	3431	3485	3487
	3432	3487	3486
	3433	3485	3488
	3434	3485	3489
	3435	3487	3490
	3436	3487	3491
	3437	3492	3494
	3438	3494	3493
	3439	3492	3495
	3440	3492	3496
	3441	3494	3497
	3442	3494	3498
	3443	3499	3501
	3444	3501	3500
	3445	3499	3502
	3446	3499	3503
	3447	3501	3504
	3448	3501	3505
	3449	3506	3508
	3450	3508	3507
	3451	3506	3509
	3452	3506	3510
	3453	3508	3511
	3454	3508	3512
	3455	3513	3514
	3456	3514	3515
	3457	3513	3516
	3458	3513	3517
	3459	3514	3518
	3460	3514	3519
	3461	3515	3520
      3462  3170  3177
      3463  3178  3184
      3464  3185  3191
      3465  3192  3198
      3466  3199  3205
      3467  3206  3212
      3468  3213  3219
      3469  3220  3226
      3470  3227  3233
      3471  3234  3240
      3472  3241  3247
      3473  3248  3254
      3474  3255  3261
      3475  3262  3268
      3476  3269  3275
      3477  3276  3282
      3478  3283  3289
      3479  3290  3296
      3480  3297  3303
      3481  3304  3310
      3482  3311  3317
      3483  3318  3324
      3484  3325  3331
      3485  3332  3338
      3486  3339  3345
      3487  3346  3352
      3488  3353  3359
      3489  3360  3366
      3490  3367  3373
      3491  3374  3380
      3492  3381  3387
      3493  3388  3394
      3494  3395  3401
      3495  3402  3408
      3496  3409  3415
      3497  3416  3422
      3498  3423  3429
      3499  3430  3436
      3500  3437  3443
      3501  3444  3450
      3502  3451  3457
      3503  3458  3464
      3504  3465  3471
      3505  3472  3478
      3506  3479  3485
      3507  3486  3492
      3508  3493  3499
      3509  3500  3506
      3510  3507  3513
