    1 4 3 1 1
    2 4 3 1 5
    3 4 3 1 7
    4 4 3 5 1
    5 4 3 5 5
    6 4 3 5 7
    7 4 3 7 1
    8 4 3 7 5
    9 4 3 7 7
    10 4 3 1 2
    11 4 3 1 8
    12 4 3 5 2
    13 4 3 5 8
    14 4 3 7 2
    15 4 3 7 8
    16 3 1 1 2
    17 3 1 1 8
    18 3 1 5 2
    19 3 1 5 8
    20 3 1 7 2
    21 3 1 7 8
    22 3 5 1 2
    23 3 5 1 8
    24 3 5 5 2
    25 3 5 5 8
    26 3 5 7 2
    27 3 5 7 8
    28 3 7 1 2
    29 3 7 1 8
    30 3 7 5 2
    31 3 7 5 8
    32 3 7 7 2
    33 3 7 7 8
    34 6 1 1 2
    35 6 1 1 8
    36 6 1 5 2
    37 6 1 5 8
    38 6 1 7 2
    39 6 1 7 8
    40 6 5 1 2
    41 6 5 1 8
    42 6 5 5 2
    43 6 5 5 8
    44 6 5 7 2
    45 6 5 7 8
    46 6 7 1 2
    47 6 7 1 8
    48 6 7 5 2
    49 6 7 5 8
    50 6 7 7 2
    51 6 7 7 8
    52 2 1 1 2
    53 2 1 1 8
    54 2 1 5 2
    55 2 1 5 8
    56 2 1 7 2
    57 2 1 7 8
    58 2 5 1 2
    59 2 5 1 8
    60 2 5 5 2
    61 2 5 5 8
    62 2 5 7 2
    63 2 5 7 8
    64 2 7 1 2
    65 2 7 1 8
    66 2 7 5 2
    67 2 7 5 8
    68 2 7 7 2
    69 2 7 7 8
    70 8 1 1 2
    71 8 1 1 8
    72 8 1 5 2
    73 8 1 5 8
    74 8 1 7 2
    75 8 1 7 8
    76 8 5 1 2
    77 8 5 1 8
    78 8 5 5 2
    79 8 5 5 8
    80 8 5 7 2
    81 8 5 7 8
    82 8 7 1 2
    83 8 7 1 8
    84 8 7 5 2
    85 8 7 5 8
    86 8 7 7 2
    87 8 7 7 8
