    1 4 3 1
    2 4 3 5
    3 4 3 7
    4 3 1 1
    5 3 1 5
    6 3 1 7
    7 3 5 1
    8 3 5 5
    9 3 5 7
    10 3 7 1
    11 3 7 5
    12 3 7 7
    13 1 1 6
    14 1 5 6
    15 1 7 6
    16 5 1 6
    17 5 5 6
    18 5 7 6
    19 7 1 6
    20 7 5 6
    21 7 7 6
    22 2 1 2
    23 2 1 8
    24 2 5 2
    25 2 5 8
    26 2 7 2
    27 2 7 8
    28 8 1 2
    29 8 1 8
    30 8 5 2
    31 8 5 8
    32 8 7 2
    33 8 7 8
    34 3 1 2
    35 3 1 8
    36 3 5 2
    37 3 5 8
    38 3 7 2
    39 3 7 8
    40 6 1 2
    41 6 1 8
    42 6 5 2
    43 6 5 8
    44 6 7 2
    45 6 7 8
    46 1 1 2
    47 1 1 8
    48 1 5 2
    49 1 5 8
    50 1 7 2
    51 1 7 8
    52 5 1 2
    53 5 1 8
    54 5 5 2
    55 5 5 8
    56 5 7 2
    57 5 7 8
    58 7 1 2
    59 7 1 8
    60 7 5 2
    61 7 5 8
    62 7 7 2
    63 7 7 8
