1 1 1 3
2 4 2 3
3 2 1 4
4 2 1 5
5 2 1 6
6 2 3 7
7 2 3 8
8 1 9 11
9 4 10 11
10 2 9 12
11 2 9 13
12 2 11 14
13 2 11 15
14 1 16 18
15 4 17 18
16 2 16 19
17 2 16 20
18 2 18 21
19 2 18 22
20 1 23 25
21 4 24 25
22 2 23 26
23 2 23 27
24 2 25 28
25 2 25 29
26 1 30 32
27 4 31 32
28 2 30 33
29 2 30 34
30 2 32 35
31 2 32 36
32 1 37 39
33 4 38 39
34 2 37 40
35 2 37 41
36 2 39 42
37 2 39 43
38 1 44 46
39 4 45 46
40 2 44 47
41 2 44 48
42 2 46 49
43 2 46 50
44 1 51 53
45 4 52 53
46 2 51 54
47 2 51 55
48 2 53 56
49 2 53 57
50 1 58 60
51 4 59 60
52 2 58 61
53 2 58 62
54 2 60 63
55 2 60 64
56 1 65 67
57 4 66 67
58 2 65 68
59 2 65 69
60 2 67 70
61 2 67 71
62 1 72 74
63 4 73 74
64 2 72 75
65 2 72 76
66 2 74 77
67 2 74 78
68 1 79 81
69 4 80 81
70 2 79 82
71 2 79 83
72 2 81 84
73 2 81 85
74 1 86 88
75 4 87 88
76 2 86 89
77 2 86 90
78 2 88 91
79 2 88 92
80 1 93 95
81 4 94 95
82 2 93 96
83 2 93 97
84 2 95 98
85 2 95 99
86 1 100 102
87 4 101 102
88 2 100 103
89 2 100 104
90 2 102 105
91 2 102 106
92 1 107 109
93 4 108 109
94 2 107 110
95 2 107 111
96 2 109 112
97 2 109 113
98 1 114 116
99 4 115 116
100 2 114 117
101 2 114 118
102 2 116 119
103 2 116 120
104 1 121 123
105 4 122 123
106 2 121 124
107 2 121 125
108 2 123 126
109 2 123 127
110 1 128 130
111 4 129 130
112 2 128 131
113 2 128 132
114 2 130 133
115 2 130 134
116 1 135 136
117 3 136 137
118 2 135 138
119 2 135 139
120 2 136 140
121 2 136 141
122 6 137 142
123 4 2 9
124 4 10 16
125 4 17 23
126 4 24 30
127 4 31 37
128 4 38 44
129 4 45 51
130 4 52 58
131 4 59 65
132 4 66 72
133 4 73 79
134 4 80 86
135 4 87 93
136 4 94 100
137 4 101 107
138 4 108 114
139 4 115 121
140 4 122 128
141 4 129 135
142 1 143 145
143 4 144 145
144 2 143 146
145 2 143 147
146 2 143 148
147 2 145 149
148 2 145 150
149 1 151 153
150 4 152 153
151 2 151 154
152 2 151 155
153 2 153 156
154 2 153 157
155 1 158 160
156 4 159 160
157 2 158 161
158 2 158 162
159 2 160 163
160 2 160 164
161 1 165 167
162 4 166 167
163 2 165 168
164 2 165 169
165 2 167 170
166 2 167 171
167 1 172 174
168 4 173 174
169 2 172 175
170 2 172 176
171 2 174 177
172 2 174 178
173 1 179 181
174 4 180 181
175 2 179 182
176 2 179 183
177 2 181 184
178 2 181 185
179 1 186 188
180 4 187 188
181 2 186 189
182 2 186 190
183 2 188 191
184 2 188 192
185 1 193 195
186 4 194 195
187 2 193 196
188 2 193 197
189 2 195 198
190 2 195 199
191 1 200 202
192 4 201 202
193 2 200 203
194 2 200 204
195 2 202 205
196 2 202 206
197 1 207 209
198 4 208 209
199 2 207 210
200 2 207 211
201 2 209 212
202 2 209 213
203 1 214 216
204 4 215 216
205 2 214 217
206 2 214 218
207 2 216 219
208 2 216 220
209 1 221 223
210 4 222 223
211 2 221 224
212 2 221 225
213 2 223 226
214 2 223 227
215 1 228 230
216 4 229 230
217 2 228 231
218 2 228 232
219 2 230 233
220 2 230 234
221 1 235 237
222 4 236 237
223 2 235 238
224 2 235 239
225 2 237 240
226 2 237 241
227 1 242 244
228 4 243 244
229 2 242 245
230 2 242 246
231 2 244 247
232 2 244 248
233 1 249 251
234 4 250 251
235 2 249 252
236 2 249 253
237 2 251 254
238 2 251 255
239 1 256 258
240 4 257 258
241 2 256 259
242 2 256 260
243 2 258 261
244 2 258 262
245 1 263 265
246 4 264 265
247 2 263 266
248 2 263 267
249 2 265 268
250 2 265 269
251 1 270 272
252 4 271 272
253 2 270 273
254 2 270 274
255 2 272 275
256 2 272 276
257 1 277 278
258 3 278 279
259 2 277 280
260 2 277 281
261 2 278 282
262 2 278 283
263 6 279 284
264 4 144 151
265 4 152 158
266 4 159 165
267 4 166 172
268 4 173 179
269 4 180 186
270 4 187 193
271 4 194 200
272 4 201 207
273 4 208 214
274 4 215 221
275 4 222 228
276 4 229 235
277 4 236 242
278 4 243 249
279 4 250 256
280 4 257 263
281 4 264 270
282 4 271 277
283 1 285 287
284 4 286 287
285 2 285 288
286 2 285 289
287 2 285 290
288 2 287 291
289 2 287 292
290 1 293 295
291 4 294 295
292 2 293 296
293 2 293 297
294 2 295 298
295 2 295 299
296 1 300 302
297 4 301 302
298 2 300 303
299 2 300 304
300 2 302 305
301 2 302 306
302 1 307 309
303 4 308 309
304 2 307 310
305 2 307 311
306 2 309 312
307 2 309 313
308 1 314 316
309 4 315 316
310 2 314 317
311 2 314 318
312 2 316 319
313 2 316 320
314 1 321 323
315 4 322 323
316 2 321 324
317 2 321 325
318 2 323 326
319 2 323 327
320 1 328 330
321 4 329 330
322 2 328 331
323 2 328 332
324 2 330 333
325 2 330 334
326 1 335 337
327 4 336 337
328 2 335 338
329 2 335 339
330 2 337 340
331 2 337 341
332 1 342 344
333 4 343 344
334 2 342 345
335 2 342 346
336 2 344 347
337 2 344 348
338 1 349 351
339 4 350 351
340 2 349 352
341 2 349 353
342 2 351 354
343 2 351 355
344 1 356 358
345 4 357 358
346 2 356 359
347 2 356 360
348 2 358 361
349 2 358 362
350 1 363 365
351 4 364 365
352 2 363 366
353 2 363 367
354 2 365 368
355 2 365 369
356 1 370 372
357 4 371 372
358 2 370 373
359 2 370 374
360 2 372 375
361 2 372 376
362 1 377 379
363 4 378 379
364 2 377 380
365 2 377 381
366 2 379 382
367 2 379 383
368 1 384 386
369 4 385 386
370 2 384 387
371 2 384 388
372 2 386 389
373 2 386 390
374 1 391 393
375 4 392 393
376 2 391 394
377 2 391 395
378 2 393 396
379 2 393 397
380 1 398 400
381 4 399 400
382 2 398 401
383 2 398 402
384 2 400 403
385 2 400 404
386 1 405 407
387 4 406 407
388 2 405 408
389 2 405 409
390 2 407 410
391 2 407 411
392 1 412 414
393 4 413 414
394 2 412 415
395 2 412 416
396 2 414 417
397 2 414 418
398 1 419 420
399 3 420 421
400 2 419 422
401 2 419 423
402 2 420 424
403 2 420 425
404 6 421 426
405 4 286 293
406 4 294 300
407 4 301 307
408 4 308 314
409 4 315 321
410 4 322 328
411 4 329 335
412 4 336 342
413 4 343 349
414 4 350 356
415 4 357 363
416 4 364 370
417 4 371 377
418 4 378 384
419 4 385 391
420 4 392 398
421 4 399 405
422 4 406 412
423 4 413 419
424 1 427 429
425 4 428 429
426 2 427 430
427 2 427 431
428 2 427 432
429 2 429 433
430 2 429 434
431 1 435 437
432 4 436 437
433 2 435 438
434 2 435 439
435 2 437 440
436 2 437 441
437 1 442 444
438 4 443 444
439 2 442 445
440 2 442 446
441 2 444 447
442 2 444 448
443 1 449 451
444 4 450 451
445 2 449 452
446 2 449 453
447 2 451 454
448 2 451 455
449 1 456 458
450 4 457 458
451 2 456 459
452 2 456 460
453 2 458 461
454 2 458 462
455 1 463 465
456 4 464 465
457 2 463 466
458 2 463 467
459 2 465 468
460 2 465 469
461 1 470 472
462 4 471 472
463 2 470 473
464 2 470 474
465 2 472 475
466 2 472 476
467 1 477 479
468 4 478 479
469 2 477 480
470 2 477 481
471 2 479 482
472 2 479 483
473 1 484 486
474 4 485 486
475 2 484 487
476 2 484 488
477 2 486 489
478 2 486 490
479 1 491 493
480 4 492 493
481 2 491 494
482 2 491 495
483 2 493 496
484 2 493 497
485 1 498 500
486 4 499 500
487 2 498 501
488 2 498 502
489 2 500 503
490 2 500 504
491 1 505 507
492 4 506 507
493 2 505 508
494 2 505 509
495 2 507 510
496 2 507 511
497 1 512 514
498 4 513 514
499 2 512 515
500 2 512 516
501 2 514 517
502 2 514 518
503 1 519 521
504 4 520 521
505 2 519 522
506 2 519 523
507 2 521 524
508 2 521 525
509 1 526 528
510 4 527 528
511 2 526 529
512 2 526 530
513 2 528 531
514 2 528 532
515 1 533 535
516 4 534 535
517 2 533 536
518 2 533 537
519 2 535 538
520 2 535 539
521 1 540 542
522 4 541 542
523 2 540 543
524 2 540 544
525 2 542 545
526 2 542 546
527 1 547 549
528 4 548 549
529 2 547 550
530 2 547 551
531 2 549 552
532 2 549 553
533 1 554 556
534 4 555 556
535 2 554 557
536 2 554 558
537 2 556 559
538 2 556 560
539 1 561 562
540 3 562 563
541 2 561 564
542 2 561 565
543 2 562 566
544 2 562 567
545 6 563 568
546 4 428 435
547 4 436 442
548 4 443 449
549 4 450 456
550 4 457 463
551 4 464 470
552 4 471 477
553 4 478 484
554 4 485 491
555 4 492 498
556 4 499 505
557 4 506 512
558 4 513 519
559 4 520 526
560 4 527 533
561 4 534 540
562 4 541 547
563 4 548 554
564 4 555 561
565 1 569 571
566 4 570 571
567 2 569 572
568 2 569 573
569 2 569 574
570 2 571 575
571 2 571 576
572 1 577 579
573 4 578 579
574 2 577 580
575 2 577 581
576 2 579 582
577 2 579 583
578 1 584 586
579 4 585 586
580 2 584 587
581 2 584 588
582 2 586 589
583 2 586 590
584 1 591 593
585 4 592 593
586 2 591 594
587 2 591 595
588 2 593 596
589 2 593 597
590 1 598 600
591 4 599 600
592 2 598 601
593 2 598 602
594 2 600 603
595 2 600 604
596 1 605 607
597 4 606 607
598 2 605 608
599 2 605 609
600 2 607 610
601 2 607 611
602 1 612 614
603 4 613 614
604 2 612 615
605 2 612 616
606 2 614 617
607 2 614 618
608 1 619 621
609 4 620 621
610 2 619 622
611 2 619 623
612 2 621 624
613 2 621 625
614 1 626 628
615 4 627 628
616 2 626 629
617 2 626 630
618 2 628 631
619 2 628 632
620 1 633 635
621 4 634 635
622 2 633 636
623 2 633 637
624 2 635 638
625 2 635 639
626 1 640 642
627 4 641 642
628 2 640 643
629 2 640 644
630 2 642 645
631 2 642 646
632 1 647 649
633 4 648 649
634 2 647 650
635 2 647 651
636 2 649 652
637 2 649 653
638 1 654 656
639 4 655 656
640 2 654 657
641 2 654 658
642 2 656 659
643 2 656 660
644 1 661 663
645 4 662 663
646 2 661 664
647 2 661 665
648 2 663 666
649 2 663 667
650 1 668 670
651 4 669 670
652 2 668 671
653 2 668 672
654 2 670 673
655 2 670 674
656 1 675 677
657 4 676 677
658 2 675 678
659 2 675 679
660 2 677 680
661 2 677 681
662 1 682 684
663 4 683 684
664 2 682 685
665 2 682 686
666 2 684 687
667 2 684 688
668 1 689 691
669 4 690 691
670 2 689 692
671 2 689 693
672 2 691 694
673 2 691 695
674 1 696 698
675 4 697 698
676 2 696 699
677 2 696 700
678 2 698 701
679 2 698 702
680 1 703 704
681 3 704 705
682 2 703 706
683 2 703 707
684 2 704 708
685 2 704 709
686 6 705 710
687 4 570 577
688 4 578 584
689 4 585 591
690 4 592 598
691 4 599 605
692 4 606 612
693 4 613 619
694 4 620 626
695 4 627 633
696 4 634 640
697 4 641 647
698 4 648 654
699 4 655 661
700 4 662 668
701 4 669 675
702 4 676 682
703 4 683 689
704 4 690 696
705 4 697 703
