	1	1	3
	2	3	2
	3	1	4
	4	1	5
	5	1	6
	6	3	7
	7	3	8
	8	9	11
	9	11	10
	10	9	12
	11	9	13
	12	11	14
	13	11	15
	14	16	18
	15	18	17
	16	16	19
	17	16	20
	18	18	21
	19	18	22
	20	23	25
	21	25	24
	22	23	26
	23	23	27
	24	25	28
	25	25	29
	26	30	32
	27	32	31
	28	30	33
	29	30	34
	30	32	35
	31	32	36
	32	37	39
	33	39	38
	34	37	40
	35	37	41
	36	39	42
	37	39	43
	38	44	46
	39	46	45
	40	44	47
	41	44	48
	42	46	49
	43	46	50
	44	51	53
	45	53	52
	46	51	54
	47	51	55
	48	53	56
	49	53	57
	50	58	60
	51	60	59
	52	58	61
	53	58	62
	54	60	63
	55	60	64
	56	65	67
	57	67	66
	58	65	68
	59	65	69
	60	67	70
	61	67	71
	62	72	74
	63	74	73
	64	72	75
	65	72	76
	66	74	77
	67	74	78
	68	79	81
	69	81	80
	70	79	82
	71	79	83
	72	81	84
	73	81	85
	74	86	88
	75	88	87
	76	86	89
	77	86	90
	78	88	91
	79	88	92
	80	93	95
	81	95	94
	82	93	96
	83	93	97
	84	95	98
	85	95	99
	86	100	102
	87	102	101
	88	100	103
	89	100	104
	90	102	105
	91	102	106
	92	107	109
	93	109	108
	94	107	110
	95	107	111
	96	109	112
	97	109	113
	98	114	116
	99	116	115
	100	114	117
	101	114	118
	102	116	119
	103	116	120
	104	121	123
	105	123	122
	106	121	124
	107	121	125
	108	123	126
	109	123	127
	110	128	130
	111	130	129
	112	128	131
	113	128	132
	114	130	133
	115	130	134
	116	135	136
	117	136	137
	118	135	138
	119	135	139
	120	136	140
	121	136	141
	122	137	142
      123  2  9
      124  10  16
      125  17  23
      126  24  30
      127  31  37
      128  38  44
      129  45  51
      130  52  58
      131  59  65
      132  66  72
      133  73  79
      134  80  86
      135  87  93
      136  94  100
      137  101  107
      138  108  114
      139  115  121
      140  122  128
      141  129  135
	142	143	145
	143	145	144
	144	143	146
	145	143	147
	146	143	148
	147	145	149
	148	145	150
	149	151	153
	150	153	152
	151	151	154
	152	151	155
	153	153	156
	154	153	157
	155	158	160
	156	160	159
	157	158	161
	158	158	162
	159	160	163
	160	160	164
	161	165	167
	162	167	166
	163	165	168
	164	165	169
	165	167	170
	166	167	171
	167	172	174
	168	174	173
	169	172	175
	170	172	176
	171	174	177
	172	174	178
	173	179	181
	174	181	180
	175	179	182
	176	179	183
	177	181	184
	178	181	185
	179	186	188
	180	188	187
	181	186	189
	182	186	190
	183	188	191
	184	188	192
	185	193	195
	186	195	194
	187	193	196
	188	193	197
	189	195	198
	190	195	199
	191	200	202
	192	202	201
	193	200	203
	194	200	204
	195	202	205
	196	202	206
	197	207	209
	198	209	208
	199	207	210
	200	207	211
	201	209	212
	202	209	213
	203	214	216
	204	216	215
	205	214	217
	206	214	218
	207	216	219
	208	216	220
	209	221	223
	210	223	222
	211	221	224
	212	221	225
	213	223	226
	214	223	227
	215	228	230
	216	230	229
	217	228	231
	218	228	232
	219	230	233
	220	230	234
	221	235	237
	222	237	236
	223	235	238
	224	235	239
	225	237	240
	226	237	241
	227	242	244
	228	244	243
	229	242	245
	230	242	246
	231	244	247
	232	244	248
	233	249	251
	234	251	250
	235	249	252
	236	249	253
	237	251	254
	238	251	255
	239	256	258
	240	258	257
	241	256	259
	242	256	260
	243	258	261
	244	258	262
	245	263	265
	246	265	264
	247	263	266
	248	263	267
	249	265	268
	250	265	269
	251	270	272
	252	272	271
	253	270	273
	254	270	274
	255	272	275
	256	272	276
	257	277	278
	258	278	279
	259	277	280
	260	277	281
	261	278	282
	262	278	283
	263	279	284
      264  144  151
      265  152  158
      266  159  165
      267  166  172
      268  173  179
      269  180  186
      270  187  193
      271  194  200
      272  201  207
      273  208  214
      274  215  221
      275  222  228
      276  229  235
      277  236  242
      278  243  249
      279  250  256
      280  257  263
      281  264  270
      282  271  277
	283	285	287
	284	287	286
	285	285	288
	286	285	289
	287	285	290
	288	287	291
	289	287	292
	290	293	295
	291	295	294
	292	293	296
	293	293	297
	294	295	298
	295	295	299
	296	300	302
	297	302	301
	298	300	303
	299	300	304
	300	302	305
	301	302	306
	302	307	309
	303	309	308
	304	307	310
	305	307	311
	306	309	312
	307	309	313
	308	314	316
	309	316	315
	310	314	317
	311	314	318
	312	316	319
	313	316	320
	314	321	323
	315	323	322
	316	321	324
	317	321	325
	318	323	326
	319	323	327
	320	328	330
	321	330	329
	322	328	331
	323	328	332
	324	330	333
	325	330	334
	326	335	337
	327	337	336
	328	335	338
	329	335	339
	330	337	340
	331	337	341
	332	342	344
	333	344	343
	334	342	345
	335	342	346
	336	344	347
	337	344	348
	338	349	351
	339	351	350
	340	349	352
	341	349	353
	342	351	354
	343	351	355
	344	356	358
	345	358	357
	346	356	359
	347	356	360
	348	358	361
	349	358	362
	350	363	365
	351	365	364
	352	363	366
	353	363	367
	354	365	368
	355	365	369
	356	370	372
	357	372	371
	358	370	373
	359	370	374
	360	372	375
	361	372	376
	362	377	379
	363	379	378
	364	377	380
	365	377	381
	366	379	382
	367	379	383
	368	384	386
	369	386	385
	370	384	387
	371	384	388
	372	386	389
	373	386	390
	374	391	393
	375	393	392
	376	391	394
	377	391	395
	378	393	396
	379	393	397
	380	398	400
	381	400	399
	382	398	401
	383	398	402
	384	400	403
	385	400	404
	386	405	407
	387	407	406
	388	405	408
	389	405	409
	390	407	410
	391	407	411
	392	412	414
	393	414	413
	394	412	415
	395	412	416
	396	414	417
	397	414	418
	398	419	420
	399	420	421
	400	419	422
	401	419	423
	402	420	424
	403	420	425
	404	421	426
      405  286  293
      406  294  300
      407  301  307
      408  308  314
      409  315  321
      410  322  328
      411  329  335
      412  336  342
      413  343  349
      414  350  356
      415  357  363
      416  364  370
      417  371  377
      418  378  384
      419  385  391
      420  392  398
      421  399  405
      422  406  412
      423  413  419
	424	427	429
	425	429	428
	426	427	430
	427	427	431
	428	427	432
	429	429	433
	430	429	434
	431	435	437
	432	437	436
	433	435	438
	434	435	439
	435	437	440
	436	437	441
	437	442	444
	438	444	443
	439	442	445
	440	442	446
	441	444	447
	442	444	448
	443	449	451
	444	451	450
	445	449	452
	446	449	453
	447	451	454
	448	451	455
	449	456	458
	450	458	457
	451	456	459
	452	456	460
	453	458	461
	454	458	462
	455	463	465
	456	465	464
	457	463	466
	458	463	467
	459	465	468
	460	465	469
	461	470	472
	462	472	471
	463	470	473
	464	470	474
	465	472	475
	466	472	476
	467	477	479
	468	479	478
	469	477	480
	470	477	481
	471	479	482
	472	479	483
	473	484	486
	474	486	485
	475	484	487
	476	484	488
	477	486	489
	478	486	490
	479	491	493
	480	493	492
	481	491	494
	482	491	495
	483	493	496
	484	493	497
	485	498	500
	486	500	499
	487	498	501
	488	498	502
	489	500	503
	490	500	504
	491	505	507
	492	507	506
	493	505	508
	494	505	509
	495	507	510
	496	507	511
	497	512	514
	498	514	513
	499	512	515
	500	512	516
	501	514	517
	502	514	518
	503	519	521
	504	521	520
	505	519	522
	506	519	523
	507	521	524
	508	521	525
	509	526	528
	510	528	527
	511	526	529
	512	526	530
	513	528	531
	514	528	532
	515	533	535
	516	535	534
	517	533	536
	518	533	537
	519	535	538
	520	535	539
	521	540	542
	522	542	541
	523	540	543
	524	540	544
	525	542	545
	526	542	546
	527	547	549
	528	549	548
	529	547	550
	530	547	551
	531	549	552
	532	549	553
	533	554	556
	534	556	555
	535	554	557
	536	554	558
	537	556	559
	538	556	560
	539	561	562
	540	562	563
	541	561	564
	542	561	565
	543	562	566
	544	562	567
	545	563	568
      546  428  435
      547  436  442
      548  443  449
      549  450  456
      550  457  463
      551  464  470
      552  471  477
      553  478  484
      554  485  491
      555  492  498
      556  499  505
      557  506  512
      558  513  519
      559  520  526
      560  527  533
      561  534  540
      562  541  547
      563  548  554
      564  555  561
	565	569	571
	566	571	570
	567	569	572
	568	569	573
	569	569	574
	570	571	575
	571	571	576
	572	577	579
	573	579	578
	574	577	580
	575	577	581
	576	579	582
	577	579	583
	578	584	586
	579	586	585
	580	584	587
	581	584	588
	582	586	589
	583	586	590
	584	591	593
	585	593	592
	586	591	594
	587	591	595
	588	593	596
	589	593	597
	590	598	600
	591	600	599
	592	598	601
	593	598	602
	594	600	603
	595	600	604
	596	605	607
	597	607	606
	598	605	608
	599	605	609
	600	607	610
	601	607	611
	602	612	614
	603	614	613
	604	612	615
	605	612	616
	606	614	617
	607	614	618
	608	619	621
	609	621	620
	610	619	622
	611	619	623
	612	621	624
	613	621	625
	614	626	628
	615	628	627
	616	626	629
	617	626	630
	618	628	631
	619	628	632
	620	633	635
	621	635	634
	622	633	636
	623	633	637
	624	635	638
	625	635	639
	626	640	642
	627	642	641
	628	640	643
	629	640	644
	630	642	645
	631	642	646
	632	647	649
	633	649	648
	634	647	650
	635	647	651
	636	649	652
	637	649	653
	638	654	656
	639	656	655
	640	654	657
	641	654	658
	642	656	659
	643	656	660
	644	661	663
	645	663	662
	646	661	664
	647	661	665
	648	663	666
	649	663	667
	650	668	670
	651	670	669
	652	668	671
	653	668	672
	654	670	673
	655	670	674
	656	675	677
	657	677	676
	658	675	678
	659	675	679
	660	677	680
	661	677	681
	662	682	684
	663	684	683
	664	682	685
	665	682	686
	666	684	687
	667	684	688
	668	689	691
	669	691	690
	670	689	692
	671	689	693
	672	691	694
	673	691	695
	674	696	698
	675	698	697
	676	696	699
	677	696	700
	678	698	701
	679	698	702
	680	703	704
	681	704	705
	682	703	706
	683	703	707
	684	704	708
	685	704	709
	686	705	710
      687  570  577
      688  578  584
      689  585  591
      690  592  598
      691  599  605
      692  606  612
      693  613  619
      694  620  626
      695  627  633
      696  634  640
      697  641  647
      698  648  654
      699  655  661
      700  662  668
      701  669  675
      702  676  682
      703  683  689
      704  690  696
      705  697  703
