1 1 1 -0.1800 -0.7132266709526276 0.2932164768615585 -0.12401484843514088
2 1 6 -0.4000 0.8452266709526277 -0.5890164768615584 1.341414848435141
3 1 7 0.1400 0.6907577139223029 -0.26249150289878853 -0.015749026228702334
4 1 2 0.0600 -0.9731054436880986 0.6264462788134565 -1.1360775552733111
5 1 2 0.0600 -0.7862921263241391 1.1058981000529857 0.6403299811792822
6 1 2 0.0600 -1.3895524518267641 -0.5359759215767028 0.20499944380334645
7 1 8 0.0300 0.8592720484487022 -1.1405700941636265 -0.6572698026821875
8 1 8 0.0300 1.4666661938471879 0.5025242657428919 -0.25402387700031315
9 1 7 0.1400 0.8452900143500062 -0.5890487952052854 1.3414462123891278
10 1 6 -0.4000 2.847109985649994 -1.6467512047947144 0.7345537876108723
11 1 7 0.1400 2.081797324561179 -0.5033833127055153 0.5355578225345458
12 1 8 0.0300 -0.05426172650287109 -0.14434200963029842 0.9440049709557303
13 1 8 0.0300 0.776974849087698 -1.3406228468662045 2.1053954797264125
14 1 8 0.0300 1.7900490047258604 -0.3830485023009612 -0.5360687221526268
15 1 8 0.0300 2.622088277422506 0.4123407152112737 0.8839716439481795
16 1 7 0.1400 2.847059825569602 -1.6466981462797945 0.7345732676575022
17 1 6 -0.4000 2.5275401744303982 -1.8861018537202054 -1.5751732676575023
18 1 7 0.1400 3.2051499905079766 -1.1490237770865055 -0.6107284293690307
19 1 8 0.0300 3.6012287002458043 -1.6184736237375945 1.5061623323784161
20 1 8 0.0300 2.004542781942778 -2.304881914568402 0.835112605032111
21 1 8 0.0300 4.312777551839504 -1.2339309945599726 -0.7287663461571758
22 1 8 0.0300 2.904897182573625 -0.07155087689387973 -0.6382493428355238
23 1 7 0.1400 2.527518165175913 -1.8861571393070058 -1.5752452187591306
24 1 6 -0.4000 2.6444818348240866 0.3509571393070058 -2.265154781240869
25 1 7 0.1400 1.7989498888412285 -0.7489718326436419 -2.176695836040099
26 1 8 0.0300 2.2804409423377017 -2.882988796605458 -1.9072037899124856
27 1 8 0.0300 3.4710080072599965 -1.701036869836778 -1.0970126354741536
28 1 8 0.0300 1.4281409975780566 -1.0666869652862727 -3.1814539465572786
29 1 8 0.0300 0.9301709707821046 -0.5399062501159552 -1.503366961166626
30 1 7 0.1400 2.6444879337151557 0.3509197609785133 -2.2651545988563875
31 1 6 -0.4000 3.199712066284844 0.3538802390214867 -4.542445401143612
32 1 7 0.1400 3.3828775283088843 1.037925653588646 -3.3461489143431358
33 1 8 0.0300 3.0650113000534573 0.36546487245237363 -1.2712403479797256
34 1 8 0.0300 1.9208929192217317 -0.3977343683292354 -2.5279782082804987
35 1 8 0.0300 4.46090372598375 1.0819999066703108 -3.0564974387004833
36 1 8 0.0300 2.96551533349039 2.0744565861315096 -3.4033277934691757
37 1 7 0.1400 3.1997152731204666 0.3538455116366046 -4.542442492382963
38 1 6 -0.4000 5.019884726879533 1.7439544883633953 -5.041357507617037
39 1 7 0.1400 3.8438286853597607 1.6631384158324831 -4.30450341783703
40 1 8 0.0300 2.6554246964158974 -0.10194647035166104 -3.7294735893701754
41 1 8 0.0300 3.5447266543424556 -0.25127306391972426 -5.359723139617421
42 1 8 0.0300 4.035675982801842 1.7615025933714152 -3.208373816448007
43 1 8 0.0300 3.107251636600629 2.4402289773305252 -4.629221003551054
44 1 7 0.1400 5.01989667163 1.743965203951993 -5.041367255597636
45 1 6 -0.4000 6.84610332837 0.2870347960480071 -5.232832744402365
46 1 7 0.1400 6.438575744328488 1.5050029936058373 -4.7007916388635
47 1 8 0.0300 4.407124814194831 2.275598518027171 -4.3294728321745435
48 1 8 0.0300 4.557067594399972 1.128664750514786 -5.789928273331239
49 1 8 0.0300 6.536204635100974 1.5229782603873518 -3.5880803153520207
50 1 8 0.0300 7.016264984555867 2.354851130996619 -5.14338658359167
51 1 7 0.1400 6.84612008001421 0.2869851548964533 -5.232826942353855
52 1 6 -0.4000 7.44567991998579 1.2514148451035467 -7.283373057646145
53 1 7 0.1400 6.473711257807836 1.2516562741936113 -6.28945663185573
54 1 8 0.0300 6.05506335432448 -0.2409338926157446 -4.72248613856206
55 1 8 0.0300 7.845213595076686 -0.10647708462204619 -5.220636198603172
56 1 8 0.0300 5.473084765834985 0.9582917620247906 -6.6902868784216
57 1 8 0.0300 6.401967731429259 2.2513892778109548 -5.7922204828269095
58 1 7 0.1400 7.445699034278727 1.2514720809343773 -7.283317538799745
59 1 6 -0.4000 6.9959009657212725 3.528927919065623 -7.607682461200255
60 1 7 0.1400 6.608816317972282 2.404319470779856 -6.887950348868646
61 1 8 0.0300 7.686421858436029 0.5146825642334418 -6.532244486421127
62 1 8 0.0300 8.050537002142683 1.3304803156937521 -8.167103560113958
63 1 8 0.0300 6.72645940762323 2.557504708206463 -5.787643397835466
64 1 8 0.0300 5.551472152944082 2.1195449834883795 -7.117697618860467
65 1 7 0.1400 6.995926961857447 3.528979404757861 -7.607654428270043
66 1 6 -0.4000 5.514073038142553 3.6194205952421385 -5.793745571729958
67 1 7 0.1400 5.836912022575148 4.221006298230572 -7.004721472435849
68 1 8 0.0300 7.044464323831857 3.4582256140800465 -8.683551740097379
69 1 8 0.0300 7.565086654231 2.8493925201063313 -7.00154560075895
70 1 8 0.0300 4.9880711296259275 4.172233391041128 -7.729339538717293
71 1 8 0.0300 6.146922369118486 5.286121226164742 -6.858842154752132
72 1 7 0.1400 5.513991849475339 3.6194636989616105 -5.7937678777168236
73 1 6 -0.4000 3.4336081505246607 4.306736301038389 -6.626832122283177
74 1 7 0.1400 4.389223732433329 4.56838478175024 -5.651674733881419
75 1 8 0.0300 6.507079122410862 3.965792226118576 -5.5513813689941385
76 1 8 0.0300 5.38740518053451 2.757829135167251 -6.4220279303394365
77 1 8 0.0300 4.7963214078682554 5.604942425943756 -5.739996491786633
78 1 8 0.0300 3.973888225937414 4.413067909385271 -4.624430806567879
79 1 7 0.1400 3.433684452984777 4.3067160464526895 -6.6268618225429075
80 1 6 -0.4000 2.494115547015223 4.53648395354731 -4.491738177457093
81 1 7 0.1400 3.2959389875202536 5.169756797507882 -5.434413983531888
82 1 8 0.0300 4.365953984298121 4.332557882395178 -7.1701138087334035
83 1 8 0.0300 2.7759956574112152 3.4646957400446885 -6.734547716575385
84 1 8 0.0300 4.318697843947689 5.375828661476735 -5.035064877511044
85 1 8 0.0300 2.830371961388739 6.12371775500862 -5.788056226120825
86 1 7 0.1400 2.4940656244678037 4.536498087645506 -4.491737216663608
87 1 6 -0.4000 0.8735343755321965 3.0671019123544943 -3.6496627833363933
88 1 7 0.1400 2.2418486692956456 3.2437028068844294 -3.8203118897913075
89 1 8 0.0300 3.3335353084568506 4.605382301467322 -5.166616920573482
90 1 8 0.0300 1.6925974296265158 5.247737917997295 -4.561991301092963
91 1 8 0.0300 2.6876988892628 2.4339689375815974 -4.4476312998681085
92 1 8 0.0300 2.770790236318384 3.291703523749201 -2.835540977418284
93 1 7 0.1400 0.8735573352746447 3.067015556660753 -3.649665569492285
94 1 6 -0.4000 -0.4385573352746447 4.179584443339247 -2.0575344305077152
95 1 7 0.1400 0.1759474004379015 4.321720668025787 -3.296394480480556
96 1 8 0.0300 1.7886320899254853 3.1349274874612134 -4.21794645343583
97 1 8 0.0300 0.661835303328289 2.18022869373502 -3.0822751915946305
98 1 8 0.0300 0.9281201267236894 5.147673151757805 -3.291957764497428
99 1 8 0.0300 -0.5766703194503572 4.501971447236217 -4.104437316167026
100 1 7 0.1400 -0.43852004457120997 4.179586959818959 -2.057511999517801
101 1 6 -0.4000 -2.38827995542879 3.7812130401810404 -3.2960880004821993
102 1 7 0.1400 -1.586020739197904 4.785264544794035 -2.766131656943428
103 1 8 0.0300 -0.0559156303322339 4.683051221924277 -1.1828380036841546
104 1 8 0.0300 -0.22992983456763194 3.1369392614079397 -2.2075949808610105
105 1 8 0.0300 -2.1467831030415647 5.421179444161277 -2.038712374782705
106 1 8 0.0300 -1.1539693572338856 5.428123253300314 -3.5735480824888963
107 1 7 0.1400 -2.3882844045860128 3.781096971083239 -3.2960466182377712
108 1 6 -0.4000 -2.0765155954139876 3.049303028916761 -5.50095338176223
109 1 7 0.1400 -2.44594631342533 4.144162797234618 -4.728039394109921
110 1 8 0.0300 -3.104570597128772 4.2320940527860875 -2.626380490478489
111 1 8 0.0300 -1.8902240277598659 2.8729864741432163 -3.012462086954519
112 1 8 0.0300 -3.4857563806687644 4.480845495824617 -4.959168761628113
113 1 8 0.0300 -1.734586648239905 4.9967215362251585 -4.865763841170482
114 1 7 0.1400 -2.0765465201400213 3.0492865881308986 -5.500915426725585
115 1 6 -0.4000 -0.3388534798599787 4.035313411869102 -6.726684573274416
116 1 7 0.1400 -1.6974177029825543 4.122042368306825 -6.44495005326209
117 1 8 0.0300 -3.0616266846519826 2.6171156036677226 -5.589019397539709
118 1 8 0.0300 -1.2997906529233725 2.508980390329153 -4.993107849624245
119 1 8 0.0300 -2.318380817324073 4.00875354932543 -7.366661208733848
120 1 8 0.0300 -1.946189640120296 5.088799719783587 -5.939628624210868
121 1 7 0.1400 -0.3388720485240513 4.035287883301706 -6.726671894102158
122 1 6 -0.4000 0.03407204852405124 3.8881121166982937 -9.036128105897843
123 1 7 0.1400 -0.555989756179894 4.665637136181188 -8.046241793886383
124 1 8 0.0300 -1.1102251850176634 4.138982642728581 -5.978889348378557
125 1 8 0.0300 0.38207946379298574 3.2437381539326746 -6.644046578226269
126 1 8 0.0300 -1.656979995481638 4.7696857431819755 -8.204277803528123
127 1 8 0.0300 -0.08572085070962321 5.67943798219658 -7.992278832827249
128 1 7 0.1400 0.034035409422504825 3.8881006795780584 -9.036190863772879
129 1 6 -0.4000 1.8709645905774952 2.4324993204219414 -9.00080913622712
130 1 7 0.1400 1.4271704201921713 3.6612420193850843 -9.476026048885723
131 1 8 0.0300 -0.6255895129125685 4.434250960841589 -9.693101688855107
132 1 8 0.0300 -0.3769829770591341 3.2543011332339056 -8.272966767567853
133 1 8 0.0300 1.450343077049999 3.7052263662472837 -10.592049975692516
134 1 8 0.0300 2.031913603520779 4.502321517741315 -9.053263752006716
135 1 7 0.1400 1.870981903455922 2.4324872122947796 -9.000855812455368
136 1 5 0.1450 1.8506000200059836 1.6976821632938501 -10.267668789492536
137 1 3 -0.6830 3.112956769032638 1.1174542537555967 -10.457600385546815
138 1 8 0.0300 1.1960251128353536 3.2553846090470238 -8.846949330416557
139 1 8 0.0300 2.588704867801093 2.1752966496819277 -8.241742671379239
140 1 8 0.0300 1.598007030637766 2.401484456009739 -11.097500166634838
141 1 8 0.0300 1.0815933558852204 0.8861760929987529 -10.20108314229988
142 1 4 0.4180 3.1212180965440783 0.15871278770522057 -10.203544187544631
143 2 1 -0.1800 87.30918403495399 0.301814587202359 -0.20426873150254266
144 2 6 -0.4000 88.85541596504602 -0.182814587202359 1.4476687315025427
145 2 7 0.1400 88.66438239745783 -0.3176878881083668 0.06286247474413087
146 2 2 0.0600 87.03036249317506 0.2992467743255998 -1.2649769638534791
147 2 2 0.0600 87.34224496168564 1.3269866664045318 0.24063820612367415
148 2 2 0.0600 86.58133578414814 -0.29956853821810003 0.3972312770247951
149 2 8 0.0300 88.72664108298395 -1.372084655229496 -0.24590817405699794
150 2 8 0.0300 89.49022965073706 0.24444291070796415 -0.43316502376100174
151 2 7 0.1400 88.85535398980684 -0.18278991702220637 1.4477203914737329
152 2 6 -0.4000 87.08204601019315 0.6049899170222064 2.762679608526267
153 2 7 0.1400 87.43845299680126 0.23869149989502914 1.4698561366218252
154 2 8 0.0300 89.14419113872022 -0.9645020468638597 0.7618514189534564
155 2 8 0.0300 89.47367033529298 0.03730295010026469 2.2976574637011224
156 2 8 0.0300 86.81760700208088 -0.6112108224962496 1.0954268465902266
157 2 8 0.0300 87.35620222886939 1.1041764868149342 0.7655639042417799
158 2 7 0.1400 87.08204265821419 0.6049475611718376 2.762682890606007
159 2 6 -0.4000 88.0579573417858 1.9520524388281624 4.4141171093939935
160 2 7 0.1400 86.87331482194463 1.7027209075612741 3.7307073584389046
161 2 8 0.0300 86.25914490819828 -0.06534787975245626 2.5665698749878523
162 2 8 0.0300 88.0861527174356 0.29805867483182424 2.537447013332037
163 2 8 0.0300 86.05151453197898 1.4017133005156277 4.424983747143743
164 2 8 0.0300 86.5543571976331 2.593256970176535 3.1331552225752204
165 2 7 0.1400 88.05799938616047 1.9520711320803477 4.414117685968235
166 2 6 -0.4000 87.13140061383953 0.6977288679196522 6.1640823140317655
167 2 7 0.1400 87.59500053714991 1.961846239791754 5.8181410166448035
168 2 8 0.0300 87.92756954414658 2.8488708932923514 3.827896529234427
169 2 8 0.0300 88.19678658471075 1.0077985090864068 3.9219425880785597
170 2 8 0.0300 86.79511476945382 2.735721452512105 5.91447851595977
171 2 8 0.0300 88.47859921074321 2.2540657463543066 6.439203126267112
172 2 7 0.1400 87.13143414159475 0.6977287050671979 6.164180070849161
173 2 6 -0.4000 85.02776585840525 1.601871294932802 6.665619929150839
174 2 7 0.1400 85.66808081233552 0.489790990987226 6.13095446612785
175 2 8 0.0300 87.76508914400425 -0.1613673595377505 6.323404094481637
176 2 8 0.0300 87.50933393731738 1.6836618725391466 6.359823965902214
177 2 8 0.0300 85.43608864601045 -0.43779128804723455 6.708666981471803
178 2 8 0.0300 85.39519688015694 0.3421784158126515 5.055965216316908
179 2 7 0.1400 85.02772503760839 1.6018025780477902 6.66567310998652
180 2 6 -0.4000 83.34167496239162 0.038197421952209654 7.120326890013479
181 2 7 0.1400 84.6924102705786 0.17010650396698368 6.819150660375357
182 2 8 0.0300 85.78556227174514 1.873849280282872 5.946930932040223
183 2 8 0.0300 84.32047947084085 2.3373099850729457 7.000309573180205
184 2 8 0.0300 84.95626092850429 -0.3521409428442307 5.867509218123421
185 2 8 0.0300 85.33329225435801 -0.2161248430671775 7.650987561116804
186 2 7 0.1400 83.34169406403046 0.0382706298548654 7.120288898723155
187 2 6 -0.4000 84.46210593596953 -1.5872706298548653 5.856711101276845
188 2 7 0.1400 84.15370250066795 -0.23298599431393185 5.914964401886688
189 2 8 0.0300 82.59099540201723 0.8118439394853667 7.065948734214274
190 2 8 0.0300 83.27556348209869 -0.717644692026842 7.88013610196723
191 2 8 0.0300 83.56949377351224 0.0963308466658821 5.021526333880749
192 2 8 0.0300 85.07810715383779 0.38997975557117504 6.0111242254515895
193 2 7 0.1400 84.46207497606824 -1.587266754568127 5.856631299268496
194 2 6 -0.4000 84.77512502393176 -3.6501332454318733 6.924768700731503
195 2 7 0.1400 85.43918350183542 -2.6127045226469208 6.280283648100286
196 2 8 0.0300 84.65308271602359 -1.048219826675999 4.941283576920748
197 2 8 0.0300 83.4658146387329 -1.6262345145322779 6.255499515520204
198 2 8 0.0300 85.9821038507669 -2.9710284145750325 5.372086266916216
199 2 8 0.0300 86.15572062436267 -2.0993980932757483 6.969448404603816
200 2 7 0.1400 84.77510181250845 -3.6502082201799504 6.92475536276369
201 2 6 -0.4000 82.97689818749156 -4.664991779820051 5.81524463723631
202 2 7 0.1400 84.34981301100521 -4.453947606328085 5.759046379153218
203 2 8 0.0300 85.7507805667315 -3.8391307849474696 7.345797205196714
204 2 8 0.0300 84.02501895447041 -3.1579201781868536 7.5148207742123585
205 2 8 0.0300 84.91662314624563 -5.416460393300492 5.7756718266166365
206 2 8 0.0300 84.63312342923348 -3.8656091519374596 4.850503551319232
207 2 7 0.1400 82.97694259952841 -4.664965711081725 5.815219404231801
208 2 6 -0.4000 81.05545740047158 -3.385434288918275 5.408980595768199
209 2 7 0.1400 81.51793995117696 -4.685584092609355 5.577246392218645
210 2 8 0.0300 83.56704303399948 -5.485491857544421 5.4364908468082485
211 2 8 0.0300 83.44997381093611 -3.7290971102384214 6.04660746569945
212 2 8 0.0300 81.32236668060403 -5.3135900819302115 4.674284281599079
213 2 8 0.0300 81.05874034175488 -5.166402279333267 6.477138935816018
214 2 7 0.1400 81.05547895593189 -3.3854715689801256 5.409061259688847
215 2 6 -0.4000 80.3525210440681 -1.5219284310198744 6.6449387403111535
216 2 7 0.1400 80.3868023119898 -2.0675834040054837 5.366784428373133
217 2 8 0.0300 81.64281406776014 -3.686919296858161 4.555197257771171
218 2 8 0.0300 81.22139303884695 -3.8508084157852887 6.362519772732746
219 2 8 0.0300 80.94882612562063 -1.4158826845684132 4.654466798942931
220 2 8 0.0300 79.35456392092041 -2.2504726418765464 4.975769811416886
221 2 7 0.1400 80.35252578897307 -1.5220032265660373 6.644980859335744
222 2 6 -0.4000 78.23927421102694 -2.3123967734339628 7.2804191406642556
223 2 7 0.1400 79.60344116056707 -2.4706041359669144 7.496317181930804
224 2 8 0.0300 81.31291573047474 -1.8303215833639381 6.260913220600261
225 2 8 0.0300 79.81781590095072 -0.7227398590794181 6.167055755323535
226 2 8 0.0300 79.94391922605536 -3.504800813547749 7.246331344327713
227 2 8 0.0300 79.87766533837444 -2.2290526592196462 8.55381942040933
228 2 7 0.1400 78.23921040431622 -2.312301709037553 7.280458353482351
229 2 6 -0.4000 77.96978959568378 -3.615698290962447 9.209941646517649
230 2 7 0.1400 78.09889277029441 -2.3094037424331963 8.752208183912808
231 2 8 0.0300 77.81697581740917 -1.4879421221493532 6.726322787826312
232 2 8 0.0300 78.44427935997695 -3.2412868908658488 6.782379790033099
233 2 8 0.0300 77.20714688250423 -1.6898112179353348 9.014649368172584
234 2 8 0.0300 79.02443114312182 -1.8275046997428055 9.155951955478498
235 2 7 0.1400 77.96982236360749 -3.6156941419574045 9.21004423876135
236 2 6 -0.4000 77.1747776363925 -5.641905858042596 8.34015576123865
237 2 7 0.1400 77.97466097851247 -4.540772667753999 8.056809089749752
238 2 8 0.0300 78.03752446684334 -2.556428642643543 9.014365861875202
239 2 8 0.0300 77.57935286607841 -3.96148866244597 10.148718155038704
240 2 8 0.0300 77.60648807995614 -3.982149163802132 7.162175367156447
241 2 8 0.0300 79.04044033505167 -4.842993859839235 7.899857778097097
242 2 7 0.1400 77.17473728221067 -5.641968652582091 8.34016307423315
243 2 6 -0.4000 77.21406271778933 -7.259831347417909 10.035836925766851
244 2 7 0.1400 78.00231844662643 -6.35099244267314 9.339232481926723
245 2 8 0.0300 77.63643782555502 -5.352519767548992 7.408514561526433
246 2 8 0.0300 76.10571703696367 -5.720632712418854 8.404635401180705
247 2 8 0.0300 78.83888741115908 -6.858227534252507 8.799931147373156
248 2 8 0.0300 78.4149806805468 -5.565607514493443 10.020948988462997
249 2 7 0.1400 77.21409332052305 -7.259857763994796 10.035802039449965
250 2 6 -0.4000 77.51150667947694 -5.874142236005205 11.902797960550036
251 2 7 0.1400 77.33267939430839 -5.869472597812093 10.524178362343775
252 2 8 0.0300 77.60829113255997 -7.492370564588351 9.058324222542877
253 2 8 0.0300 77.05670494516755 -8.046882752826095 10.7492230695984
254 2 8 0.0300 78.19285385374154 -5.388855176983023 9.99778706859502
255 2 8 0.0300 76.38136426691031 -5.353577025317377 10.240086323272058
256 2 7 0.1400 77.51148078225584 -5.8742204210548445 11.90283105921354
257 2 6 -0.4000 79.70871921774416 -5.754379578945156 12.71036894078646
258 2 7 0.1400 78.46653233676815 -5.131663642504129 12.752672784978992
259 2 8 0.0300 76.47706930892073 -5.909371258663288 12.208893671187164
260 2 8 0.0300 77.89142351149152 -6.6100036111893665 11.219153050486911
261 2 8 0.0300 78.05548556570638 -5.10019707194841 13.790955697742731
262 2 8 0.0300 78.51815002744188 -4.094409836815248 12.33638303421224
263 2 7 0.1400 79.70874009345926 -5.75432696616423 12.710289707907396
264 2 6 -0.4000 79.92145990654075 -8.08487303383577 12.843110292092604
265 2 7 0.1400 80.52724762634598 -6.9329723162392485 12.354501066500413
266 2 8 0.0300 79.68155548983373 -4.92515567722062 12.019889120626857
267 2 8 0.0300 78.9291610484002 -5.867369022795321 13.440102701719805
268 2 8 0.0300 80.63087840182399 -6.960735681702633 11.242533954616265
269 2 8 0.0300 81.5307984095527 -6.7724619437702405 12.822453249800207
270 2 7 0.1400 79.92143499442707 -8.08493686298299 12.843068856895314
271 2 6 -0.4000 81.01876500557293 -9.145663137017008 14.622131143104685
272 2 7 0.1400 81.15601300961771 -8.158364488804942 13.653112379290304
273 2 8 0.0300 80.01159677632853 -7.8307990936695395 11.797984244391266
274 2 8 0.0300 79.04041683176123 -8.586962536326027 13.196517891916471
275 2 8 0.0300 82.01032792467886 -8.37067722856949 12.965325837958083
276 2 8 0.0300 81.28836678524469 -7.149214367617871 14.117822515811344
277 2 7 0.1400 81.01882290324342 -9.145681712807715 14.62214020454898
278 2 5 0.1450 81.84240800751326 -8.245315857651201 15.43221298084325
279 2 3 -0.6830 82.22028535193041 -8.92736215194959 16.59767622136612
280 2 8 0.0300 80.30859289309784 -8.740481477808844 13.923713327742623
281 2 8 0.0300 81.09534794621132 -10.210468852499968 14.755924601788521
282 2 8 0.0300 81.25573112671992 -7.325488213732585 15.671980249305248
283 2 8 0.0300 82.76163137970231 -7.9773866133532065 14.851188616404636
284 2 4 0.4180 83.14217709675658 -9.287518287192285 16.53285979545102
285 3 1 -0.1800 176.08580233790903 0.7761409247452224 0.01774283613351524
286 3 6 -0.4000 176.77499766209095 -1.2811409247452223 -0.7867428361335153
287 3 7 0.1400 175.8141004196542 -0.7123635638579695 0.0650445805495225
288 3 2 0.0600 175.42407191653436 1.360741905247544 0.6682845665575063
289 3 2 0.0600 177.16935540742136 0.9028549794147303 0.2624248622400421
290 3 2 0.0600 175.94891572939844 1.0715170900353759 -1.0533509867358697
291 3 8 0.0300 174.79451783548637 -0.9764884178749067 -0.2537930200439384
292 3 8 0.0300 175.98839389440428 -1.1408397964710244 1.0799770427090813
293 3 7 0.1400 176.77502472454776 -1.281161976007039 -0.7867445147952539
294 3 6 -0.4000 178.02297527545224 -0.390638023992961 -2.5598554852047464
295 3 7 0.1400 176.81802864944115 -0.28154784802778376 -1.875168723267318
296 3 8 0.0300 175.82111410112321 -1.717358053936442 -0.5323737143547134
297 3 8 0.0300 177.68282967982307 -1.7835195229881058 -0.5098400941573726
298 3 8 0.0300 175.94365531870858 -0.46177030207023745 -2.546713320120401
299 3 8 0.0300 176.71788919733132 0.7202126393909308 -1.3870037757569869
300 3 7 0.1400 178.02303741480068 -0.3906482288582407 -2.559866883217686
301 3 6 -0.4000 178.88636258519932 1.7058482288582406 -1.9651331167823143
302 3 7 0.1400 177.74469679418627 0.9137977039520999 -1.9221425640243992
303 3 8 0.0300 177.5272628456815 -1.2657842171627556 -2.168380512332345
304 3 8 0.0300 178.91697999355688 -0.5000610738488875 -3.1447125852945543
305 3 8 0.0300 177.41350281575023 0.7233147015361917 -0.8723769833168122
306 3 8 0.0300 176.90778221678065 1.376287418817146 -2.5031195461588367
307 3 7 0.1400 178.88630387483875 1.7057679524142288 -1.9651460909341523
308 3 6 -0.4000 180.38849612516128 1.3770320475857714 -0.19605390906584774
309 3 7 0.1400 180.11676137557512 2.1808133462424992 -1.297275435279832
310 3 8 0.0300 178.81946424809655 1.8004982047777758 -3.0382144222085885
311 3 8 0.0300 178.2564672232406 1.0045063445061486 -1.4506687351857979
312 3 8 0.0300 180.94841048835852 2.1549541283906404 -2.042709573254939
313 3 8 0.0300 179.91980170269656 3.2382373446202886 -0.9891871769604124
314 3 7 0.1400 180.38848684819385 1.3769367897851525 -0.19602904830197032
315 3 6 -0.4000 179.76731315180615 -0.6247367897851527 0.8536290483019703
316 3 7 0.1400 180.85543628968932 0.09497577840255422 0.37342611620353844
317 3 8 0.0300 180.9191785457102 1.7815162666510878 -1.0443207251950828
318 3 8 0.0300 179.3847123787752 1.6987427965275672 0.008975118894080758
319 3 8 0.0300 181.39879845514903 -0.4631238074922528 -0.4273631253394291
320 3 8 0.0300 181.5649361671988 0.3564380086484549 1.1981105564404446
321 3 7 0.1400 179.7673590870589 -0.624695161263989 0.8536115224915382
322 3 6 -0.4000 177.7726409129411 -1.810104838736011 0.5215884775084618
323 3 7 0.1400 179.00502397648626 -1.513303652467183 -0.04914266805524892
324 3 8 0.0300 180.42068000983153 0.11210545262250937 0.4117816601643898
325 3 8 0.0300 179.42695021558117 -0.4990883924429581 1.8643012572002637
326 3 8 0.0300 178.8908164553503 -0.9944605364127689 -1.03186310797645
327 3 8 0.0300 179.62440692514429 -2.435854033360349 -0.1799958591725891
328 3 7 0.1400 177.77267715626814 -1.8101621229336184 0.5214923544772713
329 3 6 -0.4000 177.23212284373184 -3.9344378770663817 1.3519076455227288
330 3 7 0.1400 178.27440973684597 -3.160255531101795 0.8550447593667203
331 3 8 0.0300 178.21413262486953 -1.2950918070551194 -0.31799358283361745
332 3 8 0.0300 176.80428023435147 -1.51525452272946 0.879802149158038
333 3 8 0.0300 178.71474324126595 -3.6052982948414614 -0.07017107671056932
334 3 8 0.0300 179.0758020775052 -3.0177425391387067 1.622714847004942
335 3 7 0.1400 177.23211692569103 -3.934433829704345 1.3519258282277948
336 3 6 -0.4000 179.24508307430895 -5.063766170295655 1.7604741717722052
337 3 7 0.1400 178.6955292491672 -3.946533648818134 1.1421093229773809
338 3 8 0.0300 176.60789185472188 -3.5331651946039146 0.5681889187624966
339 3 8 0.0300 176.80950070061337 -4.594404780754447 2.0860803556068297
340 3 8 0.0300 178.88843203166587 -3.9467951072690415 0.04175962940549538
341 3 8 0.0300 179.0862288444529 -2.9999171213250655 1.5928065341076
342 3 7 0.1400 179.2450166570203 -5.063786305291236 1.7604941428699046
343 3 6 -0.4000 179.3609833429797 -7.282613694708763 1.0137058571300954
344 3 7 0.1400 180.10128291416578 -6.256937513510727 1.590366863462838
345 3 8 0.0300 179.42154691163503 -4.426902129392737 2.6138010136354897
346 3 8 0.0300 178.2970228518896 -5.031583891390663 1.2570860082785171
347 3 8 0.0300 180.4962531235496 -6.546739258807787 2.594356147330994
348 3 8 0.0300 180.94765488454823 -5.945460574189191 0.9281783676235997
349 3 7 0.1400 179.36103329542706 -7.28268236767443 1.013673695837301
350 3 6 -0.4000 179.44676670457292 -7.16251763232557 -1.3256736958373008
351 3 7 0.1400 179.83184166183173 -6.513765124935267 -0.15801344497366415
352 3 8 0.0300 179.9713115022905 -7.280329327822208 1.9038826451469586
353 3 8 0.0300 178.6379355961853 -8.062338997301891 0.8639597778830347
354 3 8 0.0300 180.94247115707535 -6.4171237601020215 -0.08629475216591087
355 3 8 0.0300 179.3599735545532 -5.502178952181875 -0.08126121746513998
356 3 7 0.1400 179.44679534906038 -7.162541194822584 -1.325635497329547
357 3 6 -0.4000 177.85280465093962 -8.600658805177416 -2.266564502670453
358 3 7 0.1400 179.21880352639164 -8.39118830760108 -2.1156930908360323
359 3 8 0.0300 180.30341906414887 -7.1295624838690665 -0.6698724186404328
360 3 8 0.0300 178.6239434640004 -6.4919000895816446 -1.163449544748985
361 3 8 0.0300 179.71085113106608 -9.241818914403717 -1.5843761181118978
362 3 8 0.0300 179.71580320515724 -8.226634888062199 -3.1045158714317083
363 3 7 0.1400 177.85280551740124 -8.600666694909888 -2.2666130549047163
364 3 6 -0.4000 177.50299448259875 -10.514733305090113 -0.9595869450952835
365 3 7 0.1400 178.48681292441384 -9.700942882163357 -1.5095318706079965
366 3 8 0.0300 178.35339091416273 -8.234933688591298 -3.1501121373254635
367 3 8 0.0300 176.8024906110798 -8.420216484808506 -2.1346080579032254
368 3 8 0.0300 179.14809325277986 -10.26769897140603 -2.2091581012643973
369 3 8 0.0300 179.10679680850868 -9.218704578810598 -0.7127111867385608
370 3 7 0.1400 177.50295305053783 -10.514696388896356 -0.9595619686172624
371 3 6 -0.4000 179.32244694946218 -11.942903611103644 -1.3390380313827375
372 3 7 0.1400 178.79719516926463 -10.694217409716519 -1.6512660536111765
373 3 8 0.0300 176.735614657809 -9.939410786122586 -1.454693533239814
374 3 8 0.0300 177.23563123120252 -11.199468302107734 -0.1767622038088632
375 3 8 0.0300 178.6225410665072 -10.582386844407486 -2.74897770475307
376 3 8 0.0300 179.46411203782694 -9.871583230017219 -1.2902232627712593
377 3 7 0.1400 179.32247337175184 -11.942924685256251 -1.3391701477889333
378 3 6 -0.4000 178.91772662824818 -13.28527531474375 -3.2176298522110667
379 3 7 0.1400 179.13281564573666 -11.975280553649327 -2.8050241803389957
380 3 8 0.0300 178.96450318816338 -11.080692823760076 -0.7975701434661113
381 3 8 0.0300 179.49364567679447 -12.86686269259454 -0.8193744181199121
382 3 8 0.0300 178.2675782149619 -11.315366222209818 -3.0577261066217867
383 3 8 0.0300 180.06891339422393 -11.557174796309326 -3.2530929038136693
384 3 7 0.1400 178.91765533310095 -13.285207214915784 -3.2176400658552797
385 3 6 -0.4000 177.24574466689907 -14.720992785084215 -2.4191599341447203
386 3 7 0.1400 178.30539117693695 -13.911332126681707 -2.02648717980626
387 3 8 0.0300 179.32515969131842 -12.290722206968605 -3.118358813838263
388 3 8 0.0300 178.6612131782842 -13.662682448903645 -4.189699153029898
389 3 8 0.0300 177.97011158216284 -13.096529922886042 -1.339707766881089
390 3 8 0.0300 179.11294005889096 -14.50977548620729 -1.534971820234874
391 3 7 0.1400 177.24583331666835 -14.720943699711247 -2.419017048817467
392 3 6 -0.4000 178.03696668333166 -16.828856300288752 -1.7669829511825328
393 3 7 0.1400 178.1471173976485 -15.466227006631112 -1.514591928755895
394 3 8 0.0300 176.78789271709556 -13.815789838337935 -2.0503655948614474
395 3 8 0.0300 176.81426487084474 -15.23458307348458 -3.257511097859632
396 3 8 0.0300 177.86657163029824 -15.21712040442968 -0.4623462477661777
397 3 8 0.0300 179.1817709890352 -15.096639447690837 -1.726143298657341
398 3 7 0.1400 178.036885526637 -16.828865396098635 -1.7670269793246818
399 3 6 -0.4000 176.03231447336302 -17.621134603901368 -0.8459730206753182
400 3 7 0.1400 177.0384100006707 -16.674935702674187 -0.687630261927159
401 3 8 0.0300 178.52949807820787 -15.942332838773126 -2.1362286841375475
402 3 8 0.0300 178.01407433528342 -17.71735353125874 -2.36970225111601
403 3 8 0.0300 176.63665667535838 -15.633506454229092 -0.732355937814638
404 3 8 0.0300 177.58908223080908 -16.82523969866569 0.2746720833590841
405 3 7 0.1400 176.0323424314212 -17.62116589640208 -0.8459912757713335
406 3 6 -0.4000 175.87045756857881 -16.105834103597918 0.9349912757713335
407 3 7 0.1400 175.85586667156502 -16.20734209543613 -0.4513983640187603
408 3 8 0.0300 176.57176865903338 -17.832949355976936 -1.7565318356667217
409 3 8 0.0300 175.92816116133585 -18.383874859932817 -0.09727884772350924
410 3 8 0.0300 176.67780620521046 -15.611615770438569 -0.9177743376018749
411 3 8 0.0300 174.87077682026666 -15.883586726407449 -0.8716809426418436
412 3 7 0.1400 175.87042053247603 -16.10575082857944 0.9349344478799911
413 3 6 -0.4000 174.27517946752397 -14.774849171420563 -0.15053444787999115
414 3 7 0.1400 174.86105766944533 -15.035683337430038 1.0828775961489017
415 3 8 0.0300 176.74949783890116 -16.067506219429934 1.5599763978316132
416 3 8 0.0300 175.883918935638 -16.682227152974505 0.029041606245820972
417 3 8 0.0300 175.37113906197908 -14.132239879107019 1.4971092832567234
418 3 8 0.0300 174.10727315913243 -15.413171864967925 1.81851903298455
419 3 7 0.1400 174.2751707648665 -14.77494612788122 -0.15054610171434907
420 3 5 0.1450 173.43254872209948 -15.851920829276251 -0.6752198914144492
421 3 3 -0.6830 172.23815850500137 -15.285130060014682 -1.1426203975975073
422 3 8 0.0300 175.34326175873028 -14.895949626420713 -0.11966273777495096
423 3 8 0.0300 173.8287221638566 -13.84825574915143 0.1648181141154847
424 3 8 0.0300 173.97853501611016 -16.381146501281044 -1.4934986671648396
425 3 8 0.0300 173.1981666917185 -16.563871735328807 0.15696877181368918
426 3 4 0.4180 171.50082923513352 -15.383053872118781 -0.48645389828565094
427 4 1 -0.1800 -0.21493015470884697 88.53345370078041 -0.5284016169915452
428 4 6 -0.4000 -0.7400698452911529 87.24274629921958 1.319001616991545
429 4 7 0.1400 0.3195141423498092 87.4920681219995 0.4315933671873326
430 4 2 0.0600 0.5213316803260408 88.85746558595693 -1.273911381203535
431 4 2 0.0600 -0.6004617460605757 89.37111427745292 0.10381919123805838
432 4 2 0.0600 -1.0976448721803431 88.05720899957814 -1.025626628566762
433 4 8 0.0300 0.6439273616768182 86.56759315826842 -0.0694755946934919
434 4 8 0.0300 1.168555628806968 87.87842574430955 1.0430787242953672
435 4 7 0.1400 -0.7402023853987943 87.24262083907588 1.318906107360664
436 4 6 -0.4000 0.5112023853987943 87.09357916092411 3.2952938926393363
437 4 7 0.1400 0.3474285682405233 87.83171301730431 2.1287050418102673
438 4 8 0.0300 -0.6585842849802659 87.29013611957366 0.24373273352587255
439 4 8 0.0300 -1.3893191186772906 86.51808829081955 1.7737127180151633
440 4 8 0.0300 1.277258361965262 87.83724621792906 1.5095387165044931
441 4 8 0.0300 0.03849816108327635 88.88326026862411 2.3537992038301407
442 4 7 0.1400 0.5112822953584844 87.09359324498594 3.295327842879989
443 4 6 -0.4000 0.9583177046415157 89.37640675501406 3.583872157120011
444 4 7 0.1400 0.021107672590926052 88.38043158303815 3.8333993352615496
445 4 8 0.0300 0.25223903364342387 86.18841002242017 3.8230180191628755
446 4 8 0.0300 1.3498801576363781 87.09937660575005 2.624604965589212
447 4 8 0.0300 -0.16310706984270584 88.25149501339145 4.927666802418393
448 4 8 0.0300 -0.9453776404366842 88.5925821778363 3.311139567685388
449 4 7 0.1400 0.9582416922954184 89.37639930887526 3.5838166544104464
450 4 6 -0.4000 2.3103583077045817 89.22820069112474 5.492783345589553
451 4 7 0.1400 2.085013720868577 89.96706311800321 4.336974048460054
452 4 8 0.0300 0.9841224685075631 89.42508453060012 2.5059127001509505
453 4 8 0.0300 0.3349928132674238 88.65006100017023 4.070789442251686
454 4 8 0.0300 2.9816111338030975 89.97515585001383 3.6706193480131164
455 4 8 0.0300 1.7859288197795122 91.01773917753721 4.578810852653781
456 4 7 0.1400 2.3103913779760448 89.22813359713508 5.492828259976939
457 4 6 -0.4000 2.0370086220239556 86.90026640286491 5.517971740023061
458 4 7 0.1400 2.8427316004574816 87.93634018828742 5.97617976394289
459 4 8 0.0300 2.4193824502537153 90.09419202122578 6.127635909761738
460 4 8 0.0300 1.566075881242781 89.22360980179486 4.718797913932009
461 4 8 0.0300 2.8764970088520627 87.97061001881558 7.092274059202712
462 4 8 0.0300 3.8819766221585987 87.85219914817466 5.570289298129526
463 4 7 0.1400 2.037011014851026 86.9002534202076 5.517916231674046
464 4 6 -0.4000 3.804188985148974 86.35974657979239 6.9598837683259545
465 4 7 0.1400 2.835056396820537 87.31914711632847 6.689836297065603
466 4 8 0.0300 0.9914070842726888 87.16657676551327 5.491434235821558
467 4 8 0.0300 2.3983266240572974 86.0938381368474 4.907756890758121
468 4 8 0.0300 2.138836002625391 87.45709923617589 7.552522436595128
469 4 8 0.0300 3.2996581669052536 88.30058660565423 6.420060975684814
470 4 7 0.1400 3.8042030011300754 86.35978241054498 6.959938515914082
471 4 6 -0.4000 5.5481969988699245 87.92561758945503 6.991261484085918
472 4 7 0.1400 4.264958442670627 87.69086481918902 6.510862748933567
473 4 8 0.0300 3.1584630957445388 85.79573666670984 6.304355284391075
474 4 8 0.0300 4.355398744311604 85.85470008741477 7.730797841316559
475 4 8 0.0300 4.231802161034706 87.71120603180081 5.394409482532523
476 4 8 0.0300 3.53538854969681 88.43232835752244 6.922950837317912
477 4 7 0.1400 5.548165203430731 87.92564968981266 6.991264763162962
478 4 6 -0.4000 6.88823479656927 88.25855031018735 5.097135236837038
479 4 7 0.1400 5.778455542623828 88.74224328355638 5.7805268632312465
480 4 8 0.0300 4.53054012155467 87.7704411900933 7.3157127780306785
481 4 8 0.0300 6.32083527912886 87.25496991730415 7.317330089238246
482 4 8 0.0300 4.855671802232427 88.69950910080208 5.1523350469095295
483 4 8 0.0300 5.944942435014561 89.7904921925842 6.134523105279169
484 4 7 0.1400 6.88829776487894 88.25855413067036 5.097095354251216
485 4 6 -0.4000 5.127302235121059 88.82444586932964 3.657304645748784
486 4 7 0.1400 6.085638612516891 89.35446879864168 4.5136107137894825
487 4 8 0.0300 7.930857051980477 88.44493093317213 5.305063670029249
488 4 8 0.0300 6.5360130843475295 87.24917367162011 4.996122126361826
489 4 8 0.0300 6.780288343617603 90.04649188199728 3.9783100476356763
490 4 8 0.0300 5.610083818620194 89.88910561427704 5.37376657953077
491 4 7 0.1400 5.1272618079100765 88.82445502678446 3.6573405659250033
492 4 6 -0.4000 3.4981381920899244 87.13914497321555 3.6620594340749966
493 4 7 0.1400 4.768606496811312 87.46470329562767 3.2010658707722426
494 4 8 0.0300 5.741229236746417 89.43361792740433 3.011676909803268
495 4 8 0.0300 4.530229455868475 89.2882783712488 4.419947460560503
496 4 8 0.0300 4.81984020123545 87.44821522650706 2.0852324373657805
497 4 8 0.0300 5.542547294818442 86.77616414956415 3.6238973803812202
498 4 7 0.1400 3.4980951304674286 87.13915553799875 3.66209850717225
499 4 6 -0.4000 3.987904869532571 85.57044446200125 1.9907014928277502
500 4 7 0.1400 3.883286430179456 86.93224892812067 2.249808764444179
501 4 8 0.0300 2.867965333057741 87.9823675918894 3.9005243249645676
502 4 8 0.0300 3.5610424156569187 86.31036354987323 4.3420179727755155
503 4 8 0.0300 3.1108634161196167 87.41723167954568 1.6047231746415938
504 4 8 0.0300 4.866573686478377 87.44818086758866 2.112632216022282
505 4 7 0.1400 3.9879417279487095 85.57039824768712 1.9906381175648826
506 4 6 -0.4000 6.25845827205129 85.43740175231288 2.5575618824351167
507 4 7 0.1400 5.102633324804969 86.18793640717608 2.7402075042616945
508 4 8 0.0300 2.994182647599455 85.63899897434244 2.4061544596331177
509 4 8 0.0300 4.211164892842558 84.81357248937765 1.2622596512343132
510 4 8 0.0300 4.809970567790994 86.24012069105156 3.8170576847294244
511 4 8 0.0300 5.221886654398201 87.22270986361649 2.331698584864218
512 4 7 0.1400 6.25845703305744 85.43738632211965 2.55761376679589
513 4 6 -0.4000 7.212142966942559 85.34981367788036 0.41818623320410997
514 4 7 0.1400 6.361183439084604 86.08710094710842 1.2335808398713228
515 4 8 0.0300 5.318879490090704 85.50033485420755 3.0850116460678594
516 4 8 0.0300 6.963428485852993 84.6684611202994 2.812404435284744
517 4 8 0.0300 5.333610342639574 86.15807940952264 0.8011035695602831
518 4 8 0.0300 6.764356959517341 87.11450970014081 1.4172636278899735
519 4 7 0.1400 7.212138146547455 85.34979759988363 0.4181949001060188
520 4 6 -0.4000 5.7596618534525446 83.62600240011636 -0.2245949001060188
521 4 7 0.1400 7.082885870184047 83.91419391125767 0.08943830586278417
522 4 8 0.0300 7.936394984923417 85.63886342641734 1.164391911622436
523 4 8 0.0300 6.400563347607521 86.01052485116888 0.17749831696735308
524 4 8 0.0300 7.436657625408916 83.32343468096491 0.9691144263918234
525 4 8 0.0300 7.756901864202818 83.72916680392727 -0.7842460818653234
526 4 7 0.1400 5.759684000071061 83.62599860731667 -0.22460966400301996
527 4 6 -0.4000 6.283715999928939 83.68220139268333 -2.5085903359969803
528 4 7 0.1400 5.567177708854502 84.3312512492312 -1.50964080717217
529 4 8 0.0300 4.938208613372456 83.60793035111351 0.47522512161866715
530 4 8 0.0300 6.542560934452393 82.89496658239484 -0.14815782195604976
531 4 8 0.0300 4.472909798567671 84.35229815494282 -1.7335063209889692
532 4 8 0.0300 5.940220494039748 85.37473845948684 -1.35526942882061
533 4 7 0.1400 6.283698347170092 83.68220153494137 -2.5086613603912697
534 4 6 -0.4000 7.162701652829909 85.54059846505864 -3.63473863960873
535 4 7 0.1400 5.978411850843357 84.89808871887294 -3.2923472101496247
536 4 8 0.0300 5.637671647311217 82.82536073591437 -2.6243780324495165
537 4 8 0.0300 7.2758542234405965 83.55414082459394 -2.1183074547527823
538 4 8 0.0300 5.398434292162093 84.59167957219425 -4.196626186051283
539 4 8 0.0300 5.3413062823039255 85.54351366166374 -2.637076168702227
540 4 7 0.1400 7.162686709710207 85.54061434390248 -3.634681009993916
541 4 6 -0.4000 9.505913290289795 85.52018565609752 -3.6913189900060837
542 4 7 0.1400 8.383088882138258 86.21495200757913 -4.126242046773702
543 4 8 0.0300 6.281542235481245 85.5632290534542 -4.257569435354076
544 4 8 0.0300 7.25764909895906 84.79183871720117 -2.8708314138781565
545 4 8 0.0300 8.33050635517024 86.25829449964405 -5.241292496860719
546 4 8 0.0300 8.360240634917478 87.25223464051236 -3.7074584546714697
547 4 7 0.1400 9.505898760817534 85.52016097992683 -3.69138534901754
548 4 6 -0.4000 9.738301239182466 87.63103902007316 -4.683614650982459
549 4 7 0.1400 9.206147872798317 86.96404819828803 -3.5861042691179352
550 4 8 0.0300 9.679137648871793 84.96757333375996 -2.7805877968856247
551 4 8 0.0300 9.863483459805854 85.13313740877624 -4.627064214025868
552 4 8 0.0300 9.637256098407988 87.33895831889342 -2.6261203633781878
553 4 8 0.0300 8.091176336985853 87.05312727811766 -3.558529065316304
554 4 7 0.1400 9.738378381161965 87.63098140868772 -4.683652713832536
555 4 6 -0.4000 10.357421618838035 89.57581859131227 -3.530947286167465
556 4 7 0.1400 9.721007838019604 89.10928319984066 -4.675462567012952
557 4 8 0.0300 9.813923728367367 87.12715482513127 -5.63516134449095
558 4 8 0.0300 10.004225840094916 87.11195258959057 -3.7819414443424004
559 4 8 0.0300 10.22727751986337 89.46751529738832 -5.6046244331764425
560 4 8 0.0300 8.643948604603196 89.41177214747596 -4.69280742996862
561 4 7 0.1400 10.357380434575603 89.57581389839663 -3.5310885014390796
562 4 5 0.1450 10.247241363074732 91.03138738498568 -3.6508558177985897
563 4 3 -0.6830 9.855763049997098 91.33435109035834 -4.962816458830462
564 4 8 0.0300 10.244575896175798 89.10643173240331 -2.570167319258245
565 4 8 0.0300 10.509673180234932 88.9741414682599 -4.4099077129000595
566 4 8 0.0300 9.50240073293087 91.4066295528092 -2.907776581664249
567 4 8 0.0300 11.25188036561632 91.48600620375976 -3.4549752312446858
568 4 4 0.4180 10.625819565424397 91.60918610160337 -5.5243114985609205
569 5 1 -0.1800 87.40520245871043 87.63894818624797 0.3549042447445133
570 5 6 -0.4000 88.93399754128957 89.37545181375202 0.3108957552554866
571 5 7 0.1400 88.54803435595649 88.2466394024675 -0.43017641376555926
572 5 2 0.0600 87.01246520523826 86.71681725908007 -0.09038442892191906
573 5 2 0.0600 87.783461443439 87.4989308524247 1.3976545919998604
574 5 2 0.0600 86.61307017632612 88.42918458042809 0.390679774339689
575 5 8 0.0300 88.26831169841137 88.52282260323545 -1.4580120399575438
576 5 8 0.0300 89.43470839589541 87.57148522342122 -0.4752760968545561
577 5 7 0.1400 88.93390782214472 89.37550168505653 0.31089686378278636
578 5 6 -0.4000 89.41989217785529 90.97489831494347 -1.3322968637827866
579 5 7 0.1400 89.04456722093478 90.8159293726399 -0.003217087360208204
580 5 8 0.0300 89.19558161013899 89.048960112615 1.305791044157838
581 5 8 0.0300 88.9245217237506 88.66910538717725 -0.49784609383686496
582 5 8 0.0300 89.79217581804636 91.26675436855862 0.6937902358292413
583 5 8 0.0300 88.03524954761778 91.25876568397824 0.18921689012358045
584 5 7 0.1400 89.41991783497166 90.97496068793323 -1.3322494848573627
585 5 6 -0.4000 88.85588216502835 89.82943931206675 -3.2979505151426376
586 5 7 0.1400 89.84710567076937 90.59602812914515 -2.695945077296081
587 5 8 0.0300 90.1756981994395 91.06089410295188 -0.5665285899693522
588 5 8 0.0300 88.39202025009455 90.83506297582956 -1.0547532053292061
589 5 8 0.0300 90.81026467093112 90.03590611757275 -2.6148952620002843
590 5 8 0.0300 90.0134589703649 91.55299879347771 -3.251274463625137
591 5 7 0.1400 88.85591210961658 89.82944223897145 -3.297884954930732
592 5 6 -0.4000 86.9458878903834 88.51055776102855 -3.6245150450692676
593 5 7 0.1400 88.17794413733289 88.84893239532656 -4.172359011191402
594 5 8 0.0300 89.48027834808752 90.57878510221728 -3.760020296102775
595 5 8 0.0300 88.47414634568675 89.98941348080336 -2.307020128994407
596 5 8 0.0300 88.06781337012171 89.30564385988811 -5.185900747999276
597 5 8 0.0300 88.8538978909645 87.95930007515189 -4.231501701796111
598 5 7 0.1400 86.94588316317214 88.510621354024 -3.6244933547550913
599 5 6 -0.4000 85.65571683682785 88.54897864597599 -5.581106645244909
600 5 7 0.1400 86.64551485221698 89.22931236791383 -4.881078848992528
601 5 8 0.0300 87.95986253105197 88.53100748654047 -3.2552410736314057
602 5 8 0.0300 86.27303404575675 87.741152107624 -3.2953427144124863
603 5 8 0.0300 87.59068353528764 89.30576814220824 -5.471664723459144
604 5 8 0.0300 86.30274442496761 90.25230754724673 -4.58469008863726
605 5 7 0.1400 85.65569739114139 88.54894975310954 -5.58114013111496
606 5 6 -0.4000 87.04310260885862 87.93605024689047 -7.3682598688850405
607 5 7 0.1400 86.91271286790383 88.8261036814966 -6.308355911443811
608 5 8 0.0300 85.638037700516 88.70909469354068 -4.513920035079787
609 5 8 0.0300 84.92522473042756 87.90729994851517 -6.037039484277124
610 5 8 0.0300 87.75943120001057 88.73429713245048 -5.585430864411524
611 5 8 0.0300 86.84031087064152 89.88189470620215 -6.671564202846463
612 5 7 0.1400 87.0430975264894 87.93610557112252 -7.368265574110888
613 5 6 -0.4000 88.9851024735106 89.17189442887748 -7.8107344258891125
614 5 7 0.1400 87.61048749575744 89.13819581460702 -8.015407497720686
615 5 8 0.0300 86.19614229716694 87.45720717100494 -7.835427389639686
616 5 8 0.0300 87.65081408650033 87.38726069093207 -6.6735722027755715
617 5 8 0.0300 87.35561279947309 89.10021088239532 -9.102411193261245
618 5 8 0.0300 87.10787432458702 90.01816685709572 -7.541183959136449
619 5 7 0.1400 88.98514406552863 89.17187872857184 -7.810765756677971
620 5 6 -0.4000 88.32125593447137 91.29192127142815 -8.558434243322028
621 5 7 0.1400 87.8709892739918 89.99801016424567 -8.322538119635364
622 5 8 0.0300 89.01143586499705 88.12729624384566 -8.081086258830526
623 5 8 0.0300 89.88250036584779 89.66093746391769 -7.48103522478955
624 5 8 0.0300 87.48348979914961 89.51923748093867 -9.254526249772244
625 5 8 0.0300 87.07829499582611 89.98175447770406 -7.533089873061573
626 5 7 0.1400 88.32118448697736 91.2919119158427 -8.558367773139357
627 5 6 -0.4000 88.70301551302265 93.25828808415729 -7.3410322268606425
628 5 7 0.1400 88.18618712563641 92.763945876396 -8.533134235758137
629 5 8 0.0300 88.50198772107444 90.81262060497136 -9.508371473060183
630 5 8 0.0300 88.56438513570244 90.77922847641189 -7.646689027421828
631 5 8 0.0300 88.72546386954953 93.17721650114751 -9.41990871903557
632 5 8 0.0300 87.09232396523512 92.98155016633982 -8.6224021432891
633 5 7 0.1400 88.7030506318684 93.25833853800934 -7.341071781527861
634 5 6 -0.4000 90.3301493681316 94.69386146199066 -8.227728218472139
635 5 7 0.1400 88.95981452856772 94.47934675788218 -8.134139387949093
636 5 8 0.0300 87.84912269037702 92.65159726397337 -7.601050813608376
637 5 8 0.0300 89.50851102988341 92.83151042345087 -6.773444872500504
638 5 8 0.0300 88.49328695326744 94.34430166960976 -9.140169131852293
639 5 8 0.0300 88.45369122291542 95.31820422285857 -7.5937558640246525
640 5 7 0.1400 90.33011136413717 94.6939046477209 -8.227660550887569
641 5 6 -0.4000 88.94128863586283 95.7050953522791 -9.822339449112432
642 5 7 0.1400 88.993889543119 95.26221920706787 -8.505644015628036
643 5 8 0.0300 90.39861793907761 93.86464467395747 -7.540236558650014
644 5 8 0.0300 91.12474549238078 94.87500492968184 -8.926880323279757
645 5 8 0.0300 88.23150325481703 94.47060043008227 -8.3054244877768
646 5 8 0.0300 88.8557929447481 96.10856139768953 -7.78697077562802
647 5 7 0.1400 88.94136182430188 95.70517114242519 -9.822307657976177
648 5 6 -0.4000 87.22183817569811 94.51302885757481 -10.878892342023823
649 5 7 0.1400 88.18212093176957 95.49911535207036 -11.074042165916255
650 5 8 0.0300 89.29398515085349 96.70022113007532 -9.597698415848528
651 5 8 0.0300 88.84532981750935 94.98204959669988 -9.034258113988464
652 5 8 0.0300 87.72001394615314 96.47392482056856 -11.36418804986221
653 5 8 0.0300 88.92876083815315 95.19093866745338 -11.848259823460952
654 5 7 0.1400 87.22183273418719 94.51303035226212 -10.878877767340843
655 5 6 -0.4000 85.47176726581282 94.43396964773788 -9.321522232659156
656 5 7 0.1400 86.63654031754686 95.1127435230963 -9.66087862951219
657 5 8 0.0300 88.2967813564206 94.50021646974896 -10.974993655587575
658 5 8 0.0300 86.6257033910023 93.83333479530103 -11.458354044716627
659 5 8 0.0300 87.39887397333911 95.05772757269767 -8.846138399470643
660 5 8 0.0300 86.42515554227656 96.18347245748534 -9.907278763128291
661 5 7 0.1400 85.47168858829505 94.43406874812653 -9.321557439298399
662 5 6 -0.4000 84.89311141170495 96.64453125187346 -8.798642560701602
663 5 7 0.1400 84.6261613870773 95.5954536935638 -9.670862120790888
664 5 8 0.0300 85.81496848555919 93.79457783992552 -10.120386138371334
665 5 8 0.0300 85.98570362675093 94.43358336002602 -8.378722721736729
666 5 8 0.0300 84.84099335100403 95.87488769126341 -10.730930452647378
667 5 8 0.0300 83.56535601411561 95.25164571173762 -9.579510972313225
668 5 7 0.1400 84.89317002461755 96.64450165745319 -8.79868048867837
669 5 6 -0.4000 82.69342997538246 97.18029834254682 -8.191719511321631
670 5 7 0.1400 83.70567597252176 97.4725168126232 -9.09867012024236
671 5 8 0.0300 85.8692027898816 97.06817496260523 -8.97972736557096
672 5 8 0.0300 84.78790781800845 95.81381747212814 -8.126346753015321
673 5 8 0.0300 84.00922649920743 98.54636876672183 -9.046900839511407
674 5 8 0.0300 83.39981344312358 97.2175186583775 -10.144270930514347
675 5 7 0.1400 82.69344480971307 97.1802738536807 -8.191747523354314
676 5 6 -0.4000 81.90575519028692 98.46732614631931 -9.985452476645685
677 5 7 0.1400 82.25886861284734 98.5197730030709 -8.641892564314064
678 5 8 0.0300 83.46903329774767 97.1205044855595 -7.443544930561028
679 5 8 0.0300 82.49009962296397 96.33274965179474 -8.819045269439492
680 5 8 0.0300 83.09799464074614 99.2352196637591 -8.463050217503024
681 5 8 0.0300 81.38371548403926 98.79829702561334 -8.002839851305026
682 5 7 0.1400 81.9057152472286 98.46735389839922 -9.98540394257591
683 5 6 -0.4000 79.81308475277139 99.45024610160077 -9.599196057424088
684 5 7 0.1400 80.60007612501978 98.84095306988655 -10.569762686518194
685 5 8 0.0300 82.77866426736071 98.50952560203528 -10.618727363635646
686 5 8 0.0300 82.0190598704916 98.48709061701604 -8.917737113309586
687 5 8 0.0300 80.78913415742066 99.52153426085134 -11.435237875584683
688 5 8 0.0300 80.13386297231234 97.89076395447665 -10.93258901025882
689 5 7 0.1400 79.81305743327202 99.4502019075951 -9.599111496884454
690 5 6 -0.4000 78.92754256672798 97.4239980924049 -8.821488503115546
691 5 7 0.1400 79.78875989227419 98.46573401155696 -8.49639775743451
692 5 8 0.0300 79.93953342459788 100.49258733198383 -9.34940476761976
693 5 8 0.0300 79.38923534519247 99.17568977478476 -10.546828187987764
694 5 8 0.0300 79.4655188041928 98.99391799379949 -7.56660322105651
695 5 8 0.0300 80.83970331895614 98.10105704306436 -8.376457678373994
696 5 7 0.1400 78.92761618422364 97.42403846700356 -8.821482974592625
697 5 6 -0.4000 76.74878381577636 98.23136153299643 -9.130117025407374
698 5 7 0.1400 77.61290805604742 97.67544190002214 -8.193721991754531
699 5 8 0.0300 79.81222340001294 97.52998869956059 -8.212252622431315
700 5 8 0.0300 79.00723260225156 97.47089145332352 -9.891349799787848
701 5 8 0.0300 77.76920940009656 98.35534199716474 -7.321204514706705
702 5 8 0.0300 77.2397459002452 96.68317029664837 -7.835945426542269
703 5 7 0.1400 76.74878159878168 98.23132077880771 -9.13011965483386
704 5 5 0.1450 77.36635328770016 98.59031008606568 -10.408752082985439
705 5 3 -0.6830 76.41635352182976 98.40018289258767 -11.422475464952312
706 5 8 0.0300 77.11785406721974 98.66176350636229 -8.21638086757767
707 5 8 0.0300 75.9004655074168 97.56990290945407 -9.10981666906548
708 5 8 0.0300 77.70861526466953 99.65278983263764 -10.366865005677015
709 5 8 0.0300 78.2372121019381 97.91025263825188 -10.591710530008418
710 5 4 0.4180 76.55041840121831 97.54027922119229 -11.89828034516614
