1 8 3 2 9 11
2 8 11 10 16 18
3 8 9 11 10 16
4 8 18 17 23 25
5 8 16 18 17 23
6 8 25 24 30 32
7 8 23 25 24 30
8 8 32 31 37 39
9 8 30 32 31 37
10 8 39 38 44 46
11 8 37 39 38 44
12 8 46 45 51 53
13 8 44 46 45 51
14 8 53 52 58 60
15 8 51 53 52 58
16 8 60 59 65 67
17 8 58 60 59 65
18 8 67 66 72 74
19 8 65 67 66 72
20 8 74 73 79 81
21 8 72 74 73 79
22 8 81 80 86 88
23 8 79 81 80 86
24 8 88 87 93 95
25 8 86 88 87 93
26 8 95 94 100 102
27 8 93 95 94 100
28 8 102 101 107 109
29 8 100 102 101 107
30 8 109 108 114 116
31 8 107 109 108 114
32 8 116 115 121 123
33 8 114 116 115 121
34 8 123 122 128 130
35 8 121 123 122 128
36 8 128 130 129 135
37 8 145 144 151 153
38 8 153 152 158 160
39 8 151 153 152 158
40 8 160 159 165 167
41 8 158 160 159 165
42 8 167 166 172 174
43 8 165 167 166 172
44 8 174 173 179 181
45 8 172 174 173 179
46 8 181 180 186 188
47 8 179 181 180 186
48 8 188 187 193 195
49 8 186 188 187 193
50 8 195 194 200 202
51 8 193 195 194 200
52 8 202 201 207 209
53 8 200 202 201 207
54 8 209 208 214 216
55 8 207 209 208 214
56 8 216 215 221 223
57 8 214 216 215 221
58 8 223 222 228 230
59 8 221 223 222 228
60 8 230 229 235 237
61 8 228 230 229 235
62 8 237 236 242 244
63 8 235 237 236 242
64 8 244 243 249 251
65 8 242 244 243 249
66 8 251 250 256 258
67 8 249 251 250 256
68 8 258 257 263 265
69 8 256 258 257 263
70 8 265 264 270 272
71 8 263 265 264 270
72 8 270 272 271 277
73 8 287 286 293 295
74 8 295 294 300 302
75 8 293 295 294 300
76 8 302 301 307 309
77 8 300 302 301 307
78 8 309 308 314 316
79 8 307 309 308 314
80 8 316 315 321 323
81 8 314 316 315 321
82 8 323 322 328 330
83 8 321 323 322 328
84 8 330 329 335 337
85 8 328 330 329 335
86 8 337 336 342 344
87 8 335 337 336 342
88 8 344 343 349 351
89 8 342 344 343 349
90 8 351 350 356 358
91 8 349 351 350 356
92 8 358 357 363 365
93 8 356 358 357 363
94 8 365 364 370 372
95 8 363 365 364 370
96 8 372 371 377 379
97 8 370 372 371 377
98 8 379 378 384 386
99 8 377 379 378 384
100 8 386 385 391 393
101 8 384 386 385 391
102 8 393 392 398 400
103 8 391 393 392 398
104 8 400 399 405 407
105 8 398 400 399 405
106 8 407 406 412 414
107 8 405 407 406 412
108 8 412 414 413 419
109 8 429 428 435 437
110 8 437 436 442 444
111 8 435 437 436 442
112 8 444 443 449 451
113 8 442 444 443 449
114 8 451 450 456 458
115 8 449 451 450 456
116 8 458 457 463 465
117 8 456 458 457 463
118 8 465 464 470 472
119 8 463 465 464 470
120 8 472 471 477 479
121 8 470 472 471 477
122 8 479 478 484 486
123 8 477 479 478 484
124 8 486 485 491 493
125 8 484 486 485 491
126 8 493 492 498 500
127 8 491 493 492 498
128 8 500 499 505 507
129 8 498 500 499 505
130 8 507 506 512 514
131 8 505 507 506 512
132 8 514 513 519 521
133 8 512 514 513 519
134 8 521 520 526 528
135 8 519 521 520 526
136 8 528 527 533 535
137 8 526 528 527 533
138 8 535 534 540 542
139 8 533 535 534 540
140 8 542 541 547 549
141 8 540 542 541 547
142 8 549 548 554 556
143 8 547 549 548 554
144 8 554 556 555 561
145 8 571 570 577 579
146 8 579 578 584 586
147 8 577 579 578 584
148 8 586 585 591 593
149 8 584 586 585 591
150 8 593 592 598 600
151 8 591 593 592 598
152 8 600 599 605 607
153 8 598 600 599 605
154 8 607 606 612 614
155 8 605 607 606 612
156 8 614 613 619 621
157 8 612 614 613 619
158 8 621 620 626 628
159 8 619 621 620 626
160 8 628 627 633 635
161 8 626 628 627 633
162 8 635 634 640 642
163 8 633 635 634 640
164 8 642 641 647 649
165 8 640 642 641 647
166 8 649 648 654 656
167 8 647 649 648 654
168 8 656 655 661 663
169 8 654 656 655 661
170 8 663 662 668 670
171 8 661 663 662 668
172 8 670 669 675 677
173 8 668 670 669 675
174 8 677 676 682 684
175 8 675 677 676 682
176 8 684 683 689 691
177 8 682 684 683 689
178 8 691 690 696 698
179 8 689 691 690 696
180 8 696 698 697 703
181 8 1 3 2 9
182 8 143 145 144 151
183 8 285 287 286 293
184 8 427 429 428 435
185 8 569 571 570 577
186 8 130 129 135 136
187 8 272 271 277 278
188 8 414 413 419 420
189 8 556 555 561 562
190 8 698 697 703 704
191 10 4 1 3 7
192 10 4 1 3 8
193 10 5 1 3 7
194 10 5 1 3 8
195 10 6 1 3 7
196 10 6 1 3 8
197 10 146 143 145 149
198 10 146 143 145 150
199 10 147 143 145 149
200 10 147 143 145 150
201 10 148 143 145 149
202 10 148 143 145 150
203 10 288 285 287 291
204 10 288 285 287 292
205 10 289 285 287 291
206 10 289 285 287 292
207 10 290 285 287 291
208 10 290 285 287 292
209 10 430 427 429 433
210 10 430 427 429 434
211 10 431 427 429 433
212 10 431 427 429 434
213 10 432 427 429 433
214 10 432 427 429 434
215 10 572 569 571 575
216 10 572 569 571 576
217 10 573 569 571 575
218 10 573 569 571 576
219 10 574 569 571 575
220 10 574 569 571 576
221 10 12 9 11 14
222 10 12 9 11 15
223 10 13 9 11 14
224 10 13 9 11 15
225 10 19 16 18 21
226 10 19 16 18 22
227 10 20 16 18 21
228 10 20 16 18 22
229 10 26 23 25 28
230 10 26 23 25 29
231 10 27 23 25 28
232 10 27 23 25 29
233 10 33 30 32 35
234 10 33 30 32 36
235 10 34 30 32 35
236 10 34 30 32 36
237 10 40 37 39 42
238 10 40 37 39 43
239 10 41 37 39 42
240 10 41 37 39 43
241 10 47 44 46 49
242 10 47 44 46 50
243 10 48 44 46 49
244 10 48 44 46 50
245 10 54 51 53 56
246 10 54 51 53 57
247 10 55 51 53 56
248 10 55 51 53 57
249 10 61 58 60 63
250 10 61 58 60 64
251 10 62 58 60 63
252 10 62 58 60 64
253 10 68 65 67 70
254 10 68 65 67 71
255 10 69 65 67 70
256 10 69 65 67 71
257 10 75 72 74 77
258 10 75 72 74 78
259 10 76 72 74 77
260 10 76 72 74 78
261 10 82 79 81 84
262 10 82 79 81 85
263 10 83 79 81 84
264 10 83 79 81 85
265 10 89 86 88 91
266 10 89 86 88 92
267 10 90 86 88 91
268 10 90 86 88 92
269 10 96 93 95 98
270 10 96 93 95 99
271 10 97 93 95 98
272 10 97 93 95 99
273 10 103 100 102 105
274 10 103 100 102 106
275 10 104 100 102 105
276 10 104 100 102 106
277 10 110 107 109 112
278 10 110 107 109 113
279 10 111 107 109 112
280 10 111 107 109 113
281 10 117 114 116 119
282 10 117 114 116 120
283 10 118 114 116 119
284 10 118 114 116 120
285 10 124 121 123 126
286 10 124 121 123 127
287 10 125 121 123 126
288 10 125 121 123 127
289 10 131 128 130 133
290 10 131 128 130 134
291 10 132 128 130 133
292 10 132 128 130 134
293 10 154 151 153 156
294 10 154 151 153 157
295 10 155 151 153 156
296 10 155 151 153 157
297 10 161 158 160 163
298 10 161 158 160 164
299 10 162 158 160 163
300 10 162 158 160 164
301 10 168 165 167 170
302 10 168 165 167 171
303 10 169 165 167 170
304 10 169 165 167 171
305 10 175 172 174 177
306 10 175 172 174 178
307 10 176 172 174 177
308 10 176 172 174 178
309 10 182 179 181 184
310 10 182 179 181 185
311 10 183 179 181 184
312 10 183 179 181 185
313 10 189 186 188 191
314 10 189 186 188 192
315 10 190 186 188 191
316 10 190 186 188 192
317 10 196 193 195 198
318 10 196 193 195 199
319 10 197 193 195 198
320 10 197 193 195 199
321 10 203 200 202 205
322 10 203 200 202 206
323 10 204 200 202 205
324 10 204 200 202 206
325 10 210 207 209 212
326 10 210 207 209 213
327 10 211 207 209 212
328 10 211 207 209 213
329 10 217 214 216 219
330 10 217 214 216 220
331 10 218 214 216 219
332 10 218 214 216 220
333 10 224 221 223 226
334 10 224 221 223 227
335 10 225 221 223 226
336 10 225 221 223 227
337 10 231 228 230 233
338 10 231 228 230 234
339 10 232 228 230 233
340 10 232 228 230 234
341 10 238 235 237 240
342 10 238 235 237 241
343 10 239 235 237 240
344 10 239 235 237 241
345 10 245 242 244 247
346 10 245 242 244 248
347 10 246 242 244 247
348 10 246 242 244 248
349 10 252 249 251 254
350 10 252 249 251 255
351 10 253 249 251 254
352 10 253 249 251 255
353 10 259 256 258 261
354 10 259 256 258 262
355 10 260 256 258 261
356 10 260 256 258 262
357 10 266 263 265 268
358 10 266 263 265 269
359 10 267 263 265 268
360 10 267 263 265 269
361 10 273 270 272 275
362 10 273 270 272 276
363 10 274 270 272 275
364 10 274 270 272 276
365 10 296 293 295 298
366 10 296 293 295 299
367 10 297 293 295 298
368 10 297 293 295 299
369 10 303 300 302 305
370 10 303 300 302 306
371 10 304 300 302 305
372 10 304 300 302 306
373 10 310 307 309 312
374 10 310 307 309 313
375 10 311 307 309 312
376 10 311 307 309 313
377 10 317 314 316 319
378 10 317 314 316 320
379 10 318 314 316 319
380 10 318 314 316 320
381 10 324 321 323 326
382 10 324 321 323 327
383 10 325 321 323 326
384 10 325 321 323 327
385 10 331 328 330 333
386 10 331 328 330 334
387 10 332 328 330 333
388 10 332 328 330 334
389 10 338 335 337 340
390 10 338 335 337 341
391 10 339 335 337 340
392 10 339 335 337 341
393 10 345 342 344 347
394 10 345 342 344 348
395 10 346 342 344 347
396 10 346 342 344 348
397 10 352 349 351 354
398 10 352 349 351 355
399 10 353 349 351 354
400 10 353 349 351 355
401 10 359 356 358 361
402 10 359 356 358 362
403 10 360 356 358 361
404 10 360 356 358 362
405 10 366 363 365 368
406 10 366 363 365 369
407 10 367 363 365 368
408 10 367 363 365 369
409 10 373 370 372 375
410 10 373 370 372 376
411 10 374 370 372 375
412 10 374 370 372 376
413 10 380 377 379 382
414 10 380 377 379 383
415 10 381 377 379 382
416 10 381 377 379 383
417 10 387 384 386 389
418 10 387 384 386 390
419 10 388 384 386 389
420 10 388 384 386 390
421 10 394 391 393 396
422 10 394 391 393 397
423 10 395 391 393 396
424 10 395 391 393 397
425 10 401 398 400 403
426 10 401 398 400 404
427 10 402 398 400 403
428 10 402 398 400 404
429 10 408 405 407 410
430 10 408 405 407 411
431 10 409 405 407 410
432 10 409 405 407 411
433 10 415 412 414 417
434 10 415 412 414 418
435 10 416 412 414 417
436 10 416 412 414 418
437 10 438 435 437 440
438 10 438 435 437 441
439 10 439 435 437 440
440 10 439 435 437 441
441 10 445 442 444 447
442 10 445 442 444 448
443 10 446 442 444 447
444 10 446 442 444 448
445 10 452 449 451 454
446 10 452 449 451 455
447 10 453 449 451 454
448 10 453 449 451 455
449 10 459 456 458 461
450 10 459 456 458 462
451 10 460 456 458 461
452 10 460 456 458 462
453 10 466 463 465 468
454 10 466 463 465 469
455 10 467 463 465 468
456 10 467 463 465 469
457 10 473 470 472 475
458 10 473 470 472 476
459 10 474 470 472 475
460 10 474 470 472 476
461 10 480 477 479 482
462 10 480 477 479 483
463 10 481 477 479 482
464 10 481 477 479 483
465 10 487 484 486 489
466 10 487 484 486 490
467 10 488 484 486 489
468 10 488 484 486 490
469 10 494 491 493 496
470 10 494 491 493 497
471 10 495 491 493 496
472 10 495 491 493 497
473 10 501 498 500 503
474 10 501 498 500 504
475 10 502 498 500 503
476 10 502 498 500 504
477 10 508 505 507 510
478 10 508 505 507 511
479 10 509 505 507 510
480 10 509 505 507 511
481 10 515 512 514 517
482 10 515 512 514 518
483 10 516 512 514 517
484 10 516 512 514 518
485 10 522 519 521 524
486 10 522 519 521 525
487 10 523 519 521 524
488 10 523 519 521 525
489 10 529 526 528 531
490 10 529 526 528 532
491 10 530 526 528 531
492 10 530 526 528 532
493 10 536 533 535 538
494 10 536 533 535 539
495 10 537 533 535 538
496 10 537 533 535 539
497 10 543 540 542 545
498 10 543 540 542 546
499 10 544 540 542 545
500 10 544 540 542 546
501 10 550 547 549 552
502 10 550 547 549 553
503 10 551 547 549 552
504 10 551 547 549 553
505 10 557 554 556 559
506 10 557 554 556 560
507 10 558 554 556 559
508 10 558 554 556 560
509 10 580 577 579 582
510 10 580 577 579 583
511 10 581 577 579 582
512 10 581 577 579 583
513 10 587 584 586 589
514 10 587 584 586 590
515 10 588 584 586 589
516 10 588 584 586 590
517 10 594 591 593 596
518 10 594 591 593 597
519 10 595 591 593 596
520 10 595 591 593 597
521 10 601 598 600 603
522 10 601 598 600 604
523 10 602 598 600 603
524 10 602 598 600 604
525 10 608 605 607 610
526 10 608 605 607 611
527 10 609 605 607 610
528 10 609 605 607 611
529 10 615 612 614 617
530 10 615 612 614 618
531 10 616 612 614 617
532 10 616 612 614 618
533 10 622 619 621 624
534 10 622 619 621 625
535 10 623 619 621 624
536 10 623 619 621 625
537 10 629 626 628 631
538 10 629 626 628 632
539 10 630 626 628 631
540 10 630 626 628 632
541 10 636 633 635 638
542 10 636 633 635 639
543 10 637 633 635 638
544 10 637 633 635 639
545 10 643 640 642 645
546 10 643 640 642 646
547 10 644 640 642 645
548 10 644 640 642 646
549 10 650 647 649 652
550 10 650 647 649 653
551 10 651 647 649 652
552 10 651 647 649 653
553 10 657 654 656 659
554 10 657 654 656 660
555 10 658 654 656 659
556 10 658 654 656 660
557 10 664 661 663 666
558 10 664 661 663 667
559 10 665 661 663 666
560 10 665 661 663 667
561 10 671 668 670 673
562 10 671 668 670 674
563 10 672 668 670 673
564 10 672 668 670 674
565 10 678 675 677 680
566 10 678 675 677 681
567 10 679 675 677 680
568 10 679 675 677 681
569 10 685 682 684 687
570 10 685 682 684 688
571 10 686 682 684 687
572 10 686 682 684 688
573 10 692 689 691 694
574 10 692 689 691 695
575 10 693 689 691 694
576 10 693 689 691 695
577 10 699 696 698 701
578 10 699 696 698 702
579 10 700 696 698 701
580 10 700 696 698 702
581 10 138 135 136 140
582 10 138 135 136 141
583 10 139 135 136 140
584 10 139 135 136 141
585 10 280 277 278 282
586 10 280 277 278 283
587 10 281 277 278 282
588 10 281 277 278 283
589 10 422 419 420 424
590 10 422 419 420 425
591 10 423 419 420 424
592 10 423 419 420 425
593 10 564 561 562 566
594 10 564 561 562 567
595 10 565 561 562 566
596 10 565 561 562 567
597 10 706 703 704 708
598 10 706 703 704 709
599 10 707 703 704 708
600 10 707 703 704 709
601 11 137 136 135 138
602 11 137 136 135 139
603 11 279 278 277 280
604 11 279 278 277 281
605 11 421 420 419 422
606 11 421 420 419 423
607 11 563 562 561 564
608 11 563 562 561 565
609 11 705 704 703 706
610 11 705 704 703 707
611 12 2 3 1 4
612 12 2 3 1 5
613 12 2 3 1 6
614 12 144 145 143 146
615 12 144 145 143 147
616 12 144 145 143 148
617 12 286 287 285 288
618 12 286 287 285 289
619 12 286 287 285 290
620 12 428 429 427 430
621 12 428 429 427 431
622 12 428 429 427 432
623 12 570 571 569 572
624 12 570 571 569 573
625 12 570 571 569 574
626 12 10 11 9 12
627 12 10 11 9 13
628 12 2 9 11 14
629 12 2 9 11 15
630 12 17 18 16 19
631 12 17 18 16 20
632 12 10 16 18 21
633 12 10 16 18 22
634 12 24 25 23 26
635 12 24 25 23 27
636 12 17 23 25 28
637 12 17 23 25 29
638 12 31 32 30 33
639 12 31 32 30 34
640 12 24 30 32 35
641 12 24 30 32 36
642 12 38 39 37 40
643 12 38 39 37 41
644 12 31 37 39 42
645 12 31 37 39 43
646 12 45 46 44 47
647 12 45 46 44 48
648 12 38 44 46 49
649 12 38 44 46 50
650 12 52 53 51 54
651 12 52 53 51 55
652 12 45 51 53 56
653 12 45 51 53 57
654 12 59 60 58 61
655 12 59 60 58 62
656 12 52 58 60 63
657 12 52 58 60 64
658 12 66 67 65 68
659 12 66 67 65 69
660 12 59 65 67 70
661 12 59 65 67 71
662 12 73 74 72 75
663 12 73 74 72 76
664 12 66 72 74 77
665 12 66 72 74 78
666 12 80 81 79 82
667 12 80 81 79 83
668 12 73 79 81 84
669 12 73 79 81 85
670 12 87 88 86 89
671 12 87 88 86 90
672 12 80 86 88 91
673 12 80 86 88 92
674 12 94 95 93 96
675 12 94 95 93 97
676 12 87 93 95 98
677 12 87 93 95 99
678 12 101 102 100 103
679 12 101 102 100 104
680 12 94 100 102 105
681 12 94 100 102 106
682 12 108 109 107 110
683 12 108 109 107 111
684 12 101 107 109 112
685 12 101 107 109 113
686 12 115 116 114 117
687 12 115 116 114 118
688 12 108 114 116 119
689 12 108 114 116 120
690 12 122 123 121 124
691 12 122 123 121 125
692 12 115 121 123 126
693 12 115 121 123 127
694 12 129 130 128 131
695 12 129 130 128 132
696 12 122 128 130 133
697 12 122 128 130 134
698 12 152 153 151 154
699 12 152 153 151 155
700 12 144 151 153 156
701 12 144 151 153 157
702 12 159 160 158 161
703 12 159 160 158 162
704 12 152 158 160 163
705 12 152 158 160 164
706 12 166 167 165 168
707 12 166 167 165 169
708 12 159 165 167 170
709 12 159 165 167 171
710 12 173 174 172 175
711 12 173 174 172 176
712 12 166 172 174 177
713 12 166 172 174 178
714 12 180 181 179 182
715 12 180 181 179 183
716 12 173 179 181 184
717 12 173 179 181 185
718 12 187 188 186 189
719 12 187 188 186 190
720 12 180 186 188 191
721 12 180 186 188 192
722 12 194 195 193 196
723 12 194 195 193 197
724 12 187 193 195 198
725 12 187 193 195 199
726 12 201 202 200 203
727 12 201 202 200 204
728 12 194 200 202 205
729 12 194 200 202 206
730 12 208 209 207 210
731 12 208 209 207 211
732 12 201 207 209 212
733 12 201 207 209 213
734 12 215 216 214 217
735 12 215 216 214 218
736 12 208 214 216 219
737 12 208 214 216 220
738 12 222 223 221 224
739 12 222 223 221 225
740 12 215 221 223 226
741 12 215 221 223 227
742 12 229 230 228 231
743 12 229 230 228 232
744 12 222 228 230 233
745 12 222 228 230 234
746 12 236 237 235 238
747 12 236 237 235 239
748 12 229 235 237 240
749 12 229 235 237 241
750 12 243 244 242 245
751 12 243 244 242 246
752 12 236 242 244 247
753 12 236 242 244 248
754 12 250 251 249 252
755 12 250 251 249 253
756 12 243 249 251 254
757 12 243 249 251 255
758 12 257 258 256 259
759 12 257 258 256 260
760 12 250 256 258 261
761 12 250 256 258 262
762 12 264 265 263 266
763 12 264 265 263 267
764 12 257 263 265 268
765 12 257 263 265 269
766 12 271 272 270 273
767 12 271 272 270 274
768 12 264 270 272 275
769 12 264 270 272 276
770 12 294 295 293 296
771 12 294 295 293 297
772 12 286 293 295 298
773 12 286 293 295 299
774 12 301 302 300 303
775 12 301 302 300 304
776 12 294 300 302 305
777 12 294 300 302 306
778 12 308 309 307 310
779 12 308 309 307 311
780 12 301 307 309 312
781 12 301 307 309 313
782 12 315 316 314 317
783 12 315 316 314 318
784 12 308 314 316 319
785 12 308 314 316 320
786 12 322 323 321 324
787 12 322 323 321 325
788 12 315 321 323 326
789 12 315 321 323 327
790 12 329 330 328 331
791 12 329 330 328 332
792 12 322 328 330 333
793 12 322 328 330 334
794 12 336 337 335 338
795 12 336 337 335 339
796 12 329 335 337 340
797 12 329 335 337 341
798 12 343 344 342 345
799 12 343 344 342 346
800 12 336 342 344 347
801 12 336 342 344 348
802 12 350 351 349 352
803 12 350 351 349 353
804 12 343 349 351 354
805 12 343 349 351 355
806 12 357 358 356 359
807 12 357 358 356 360
808 12 350 356 358 361
809 12 350 356 358 362
810 12 364 365 363 366
811 12 364 365 363 367
812 12 357 363 365 368
813 12 357 363 365 369
814 12 371 372 370 373
815 12 371 372 370 374
816 12 364 370 372 375
817 12 364 370 372 376
818 12 378 379 377 380
819 12 378 379 377 381
820 12 371 377 379 382
821 12 371 377 379 383
822 12 385 386 384 387
823 12 385 386 384 388
824 12 378 384 386 389
825 12 378 384 386 390
826 12 392 393 391 394
827 12 392 393 391 395
828 12 385 391 393 396
829 12 385 391 393 397
830 12 399 400 398 401
831 12 399 400 398 402
832 12 392 398 400 403
833 12 392 398 400 404
834 12 406 407 405 408
835 12 406 407 405 409
836 12 399 405 407 410
837 12 399 405 407 411
838 12 413 414 412 415
839 12 413 414 412 416
840 12 406 412 414 417
841 12 406 412 414 418
842 12 436 437 435 438
843 12 436 437 435 439
844 12 428 435 437 440
845 12 428 435 437 441
846 12 443 444 442 445
847 12 443 444 442 446
848 12 436 442 444 447
849 12 436 442 444 448
850 12 450 451 449 452
851 12 450 451 449 453
852 12 443 449 451 454
853 12 443 449 451 455
854 12 457 458 456 459
855 12 457 458 456 460
856 12 450 456 458 461
857 12 450 456 458 462
858 12 464 465 463 466
859 12 464 465 463 467
860 12 457 463 465 468
861 12 457 463 465 469
862 12 471 472 470 473
863 12 471 472 470 474
864 12 464 470 472 475
865 12 464 470 472 476
866 12 478 479 477 480
867 12 478 479 477 481
868 12 471 477 479 482
869 12 471 477 479 483
870 12 485 486 484 487
871 12 485 486 484 488
872 12 478 484 486 489
873 12 478 484 486 490
874 12 492 493 491 494
875 12 492 493 491 495
876 12 485 491 493 496
877 12 485 491 493 497
878 12 499 500 498 501
879 12 499 500 498 502
880 12 492 498 500 503
881 12 492 498 500 504
882 12 506 507 505 508
883 12 506 507 505 509
884 12 499 505 507 510
885 12 499 505 507 511
886 12 513 514 512 515
887 12 513 514 512 516
888 12 506 512 514 517
889 12 506 512 514 518
890 12 520 521 519 522
891 12 520 521 519 523
892 12 513 519 521 524
893 12 513 519 521 525
894 12 527 528 526 529
895 12 527 528 526 530
896 12 520 526 528 531
897 12 520 526 528 532
898 12 534 535 533 536
899 12 534 535 533 537
900 12 527 533 535 538
901 12 527 533 535 539
902 12 541 542 540 543
903 12 541 542 540 544
904 12 534 540 542 545
905 12 534 540 542 546
906 12 548 549 547 550
907 12 548 549 547 551
908 12 541 547 549 552
909 12 541 547 549 553
910 12 555 556 554 557
911 12 555 556 554 558
912 12 548 554 556 559
913 12 548 554 556 560
914 12 578 579 577 580
915 12 578 579 577 581
916 12 570 577 579 582
917 12 570 577 579 583
918 12 585 586 584 587
919 12 585 586 584 588
920 12 578 584 586 589
921 12 578 584 586 590
922 12 592 593 591 594
923 12 592 593 591 595
924 12 585 591 593 596
925 12 585 591 593 597
926 12 599 600 598 601
927 12 599 600 598 602
928 12 592 598 600 603
929 12 592 598 600 604
930 12 606 607 605 608
931 12 606 607 605 609
932 12 599 605 607 610
933 12 599 605 607 611
934 12 613 614 612 615
935 12 613 614 612 616
936 12 606 612 614 617
937 12 606 612 614 618
938 12 620 621 619 622
939 12 620 621 619 623
940 12 613 619 621 624
941 12 613 619 621 625
942 12 627 628 626 629
943 12 627 628 626 630
944 12 620 626 628 631
945 12 620 626 628 632
946 12 634 635 633 636
947 12 634 635 633 637
948 12 627 633 635 638
949 12 627 633 635 639
950 12 641 642 640 643
951 12 641 642 640 644
952 12 634 640 642 645
953 12 634 640 642 646
954 12 648 649 647 650
955 12 648 649 647 651
956 12 641 647 649 652
957 12 641 647 649 653
958 12 655 656 654 657
959 12 655 656 654 658
960 12 648 654 656 659
961 12 648 654 656 660
962 12 662 663 661 664
963 12 662 663 661 665
964 12 655 661 663 666
965 12 655 661 663 667
966 12 669 670 668 671
967 12 669 670 668 672
968 12 662 668 670 673
969 12 662 668 670 674
970 12 676 677 675 678
971 12 676 677 675 679
972 12 669 675 677 680
973 12 669 675 677 681
974 12 683 684 682 685
975 12 683 684 682 686
976 12 676 682 684 687
977 12 676 682 684 688
978 12 690 691 689 692
979 12 690 691 689 693
980 12 683 689 691 694
981 12 683 689 691 695
982 12 697 698 696 699
983 12 697 698 696 700
984 12 690 696 698 701
985 12 690 696 698 702
986 12 129 135 136 140
987 12 129 135 136 141
988 12 271 277 278 282
989 12 271 277 278 283
990 12 413 419 420 424
991 12 413 419 420 425
992 12 555 561 562 566
993 12 555 561 562 567
994 12 697 703 704 708
995 12 697 703 704 709
996 15 140 136 137 142
997 15 141 136 137 142
998 15 282 278 279 284
999 15 283 278 279 284
1000 15 424 420 421 426
1001 15 425 420 421 426
1002 15 566 562 563 568
1003 15 567 562 563 568
1004 15 708 704 705 710
1005 15 709 704 705 710
1006 16 135 136 137 142
1007 16 277 278 279 284
1008 16 419 420 421 426
1009 16 561 562 563 568
1010 16 703 704 705 710
1011 20 129 135 136 137
1012 20 271 277 278 279
1013 20 413 419 420 421
1014 20 555 561 562 563
1015 20 697 703 704 705
1016 21 2 9 11 10
1017 21 10 16 18 17
1018 21 17 23 25 24
1019 21 24 30 32 31
1020 21 31 37 39 38
1021 21 38 44 46 45
1022 21 45 51 53 52
1023 21 52 58 60 59
1024 21 59 65 67 66
1025 21 66 72 74 73
1026 21 73 79 81 80
1027 21 80 86 88 87
1028 21 87 93 95 94
1029 21 94 100 102 101
1030 21 101 107 109 108
1031 21 108 114 116 115
1032 21 115 121 123 122
1033 21 122 128 130 129
1034 21 144 151 153 152
1035 21 152 158 160 159
1036 21 159 165 167 166
1037 21 166 172 174 173
1038 21 173 179 181 180
1039 21 180 186 188 187
1040 21 187 193 195 194
1041 21 194 200 202 201
1042 21 201 207 209 208
1043 21 208 214 216 215
1044 21 215 221 223 222
1045 21 222 228 230 229
1046 21 229 235 237 236
1047 21 236 242 244 243
1048 21 243 249 251 250
1049 21 250 256 258 257
1050 21 257 263 265 264
1051 21 264 270 272 271
1052 21 286 293 295 294
1053 21 294 300 302 301
1054 21 301 307 309 308
1055 21 308 314 316 315
1056 21 315 321 323 322
1057 21 322 328 330 329
1058 21 329 335 337 336
1059 21 336 342 344 343
1060 21 343 349 351 350
1061 21 350 356 358 357
1062 21 357 363 365 364
1063 21 364 370 372 371
1064 21 371 377 379 378
1065 21 378 384 386 385
1066 21 385 391 393 392
1067 21 392 398 400 399
1068 21 399 405 407 406
1069 21 406 412 414 413
1070 21 428 435 437 436
1071 21 436 442 444 443
1072 21 443 449 451 450
1073 21 450 456 458 457
1074 21 457 463 465 464
1075 21 464 470 472 471
1076 21 471 477 479 478
1077 21 478 484 486 485
1078 21 485 491 493 492
1079 21 492 498 500 499
1080 21 499 505 507 506
1081 21 506 512 514 513
1082 21 513 519 521 520
1083 21 520 526 528 527
1084 21 527 533 535 534
1085 21 534 540 542 541
1086 21 541 547 549 548
1087 21 548 554 556 555
1088 21 570 577 579 578
1089 21 578 584 586 585
1090 21 585 591 593 592
1091 21 592 598 600 599
1092 21 599 605 607 606
1093 21 606 612 614 613
1094 21 613 619 621 620
1095 21 620 626 628 627
1096 21 627 633 635 634
1097 21 634 640 642 641
1098 21 641 647 649 648
1099 21 648 654 656 655
1100 21 655 661 663 662
1101 21 662 668 670 669
1102 21 669 675 677 676
1103 21 676 682 684 683
1104 21 683 689 691 690
1105 21 690 696 698 697
