	1	1	2
	2	2	3
	3	3	4
	4	4	5
	5	4	6
	6	1	7
	7	1	8
	8	1	9
	9	2	10
	10	6	11
	11	6	12
	12	6	13
	13	14	15
	14	15	16
	15	16	17
	16	17	18
	17	17	19
	18	14	20
	19	14	21
	20	15	22
	21	19	23
	22	19	24
	23	19	25
	24	26	27
	25	27	28
	26	28	29
	27	29	30
	28	29	31
	29	26	32
	30	26	33
	31	27	34
	32	31	35
	33	31	36
	34	31	37
	35	38	39
	36	39	40
	37	40	41
	38	41	42
	39	41	43
	40	38	44
	41	38	45
	42	39	46
	43	43	47
	44	43	48
	45	43	49
	46	50	51
	47	51	52
	48	52	53
	49	53	54
	50	53	55
	51	50	56
	52	50	57
	53	51	58
	54	55	59
	55	55	60
	56	55	61
	57	62	63
	58	63	64
	59	64	65
	60	65	66
	61	65	67
	62	62	68
	63	62	69
	64	63	70
	65	67	71
	66	67	72
	67	67	73
	68	74	75
	69	75	76
	70	76	77
	71	77	78
	72	77	79
	73	74	80
	74	74	81
	75	75	82
	76	79	83
	77	79	84
	78	79	85
	79	86	87
	80	87	88
	81	88	89
	82	89	90
	83	89	91
	84	86	92
	85	86	93
	86	87	94
	87	91	95
	88	91	96
	89	91	97
	90	98	99
	91	99	100
	92	100	101
	93	101	102
	94	101	103
	95	98	104
	96	98	105
	97	99	106
	98	103	107
	99	103	108
	100	103	109
	101	110	111
	102	111	112
	103	112	113
	104	113	114
	105	113	115
	106	110	116
	107	110	117
	108	111	118
	109	115	119
	110	115	120
	111	115	121
	112	122	123
	113	123	124
	114	124	125
	115	125	126
	116	125	127
	117	122	128
	118	122	129
	119	123	130
	120	127	131
	121	127	132
	122	127	133
	123	134	135
	124	135	136
	125	136	137
	126	137	138
	127	137	139
	128	134	140
	129	134	141
	130	135	142
	131	139	143
	132	139	144
	133	139	145
	134	146	147
	135	147	148
	136	148	149
	137	149	150
	138	149	151
	139	146	152
	140	146	153
	141	147	154
	142	151	155
	143	151	156
	144	151	157
	145	158	159
	146	159	160
	147	160	161
	148	161	162
	149	161	163
	150	158	164
	151	158	165
	152	159	166
	153	163	167
	154	163	168
	155	163	169
	156	170	171
	157	171	172
	158	172	173
	159	173	174
	160	173	175
	161	170	176
	162	170	177
	163	171	178
	164	175	179
	165	175	180
	166	175	181
	167	182	183
	168	183	184
	169	184	185
	170	185	186
	171	185	187
	172	182	188
	173	182	189
	174	183	190
	175	187	191
	176	187	192
	177	187	193
	178	194	195
	179	195	196
	180	196	197
	181	197	198
	182	197	199
	183	194	200
	184	194	201
	185	195	202
	186	199	203
	187	199	204
	188	199	205
	189	206	207
	190	207	208
	191	208	209
	192	209	210
	193	209	211
	194	206	212
	195	206	213
	196	207	214
	197	211	215
	198	211	216
	199	211	217
	200	218	219
	201	219	220
	202	220	221
	203	221	222
	204	221	223
	205	218	224
	206	218	225
	207	219	226
	208	223	227
	209	223	228
	210	223	229
	211	230	231
	212	231	232
	213	232	233
	214	233	234
	215	233	235
	216	230	236
	217	230	237
	218	231	238
	219	235	239
	220	235	240
	221	235	241
	222	242	243
	223	243	244
	224	244	245
	225	245	246
	226	245	247
	227	242	248
	228	242	249
	229	243	250
	230	247	251
	231	247	252
	232	247	253
	233	254	255
	234	255	256
	235	256	257
	236	257	258
	237	257	259
	238	254	260
	239	254	261
	240	255	262
	241	259	263
	242	259	264
	243	259	265
	244	266	267
	245	267	268
	246	268	269
	247	269	270
	248	269	271
	249	266	272
	250	266	273
	251	267	274
	252	271	275
	253	271	276
	254	271	277
	255	278	279
	256	279	280
	257	280	281
	258	281	282
	259	281	283
	260	278	284
	261	278	285
	262	279	286
	263	283	287
	264	283	288
	265	283	289
	266	290	291
	267	291	292
	268	292	293
	269	293	294
	270	293	295
	271	290	296
	272	290	297
	273	291	298
	274	295	299
	275	295	300
	276	295	301
	277	302	303
	278	303	304
	279	304	305
	280	305	306
	281	305	307
	282	302	308
	283	302	309
	284	303	310
	285	307	311
	286	307	312
	287	307	313
	288	314	315
	289	315	316
	290	316	317
	291	317	318
	292	317	319
	293	314	320
	294	314	321
	295	315	322
	296	319	323
	297	319	324
	298	319	325
	299	326	327
	300	327	328
	301	328	329
	302	329	330
	303	329	331
	304	326	332
	305	326	333
	306	327	334
	307	331	335
	308	331	336
	309	331	337
	310	338	339
	311	339	340
	312	340	341
	313	341	342
	314	341	343
	315	338	344
	316	338	345
	317	339	346
	318	343	347
	319	343	348
	320	343	349
	321	350	351
	322	351	352
	323	352	353
	324	353	354
	325	353	355
	326	350	356
	327	350	357
	328	351	358
	329	355	359
	330	355	360
	331	355	361
	332	362	363
	333	363	364
	334	364	365
	335	365	366
	336	365	367
	337	362	368
	338	362	369
	339	363	370
	340	367	371
	341	367	372
	342	367	373
	343	374	375
	344	375	376
	345	376	377
	346	377	378
	347	377	379
	348	374	380
	349	374	381
	350	375	382
	351	379	383
	352	379	384
	353	379	385
	354	386	387
	355	387	388
	356	388	389
	357	389	390
	358	389	391
	359	386	392
	360	386	393
	361	387	394
	362	391	395
	363	391	396
	364	391	397
	365	398	399
	366	399	400
	367	400	401
	368	401	402
	369	401	403
	370	398	404
	371	398	405
	372	399	406
	373	403	407
	374	403	408
	375	403	409
	376	410	411
	377	411	412
	378	412	413
	379	413	414
	380	413	415
	381	410	416
	382	410	417
	383	411	418
	384	415	419
	385	415	420
	386	415	421
	387	422	423
	388	423	424
	389	424	425
	390	425	426
	391	425	427
	392	422	428
	393	422	429
	394	423	430
	395	427	431
	396	427	432
	397	427	433
	398	434	435
	399	435	436
	400	436	437
	401	437	438
	402	437	439
	403	434	440
	404	434	441
	405	435	442
	406	439	443
	407	439	444
	408	439	445
	409	446	447
	410	447	448
	411	448	449
	412	449	450
	413	449	451
	414	446	452
	415	446	453
	416	447	454
	417	451	455
	418	451	456
	419	451	457
	420	458	459
	421	459	460
	422	460	461
	423	461	462
	424	461	463
	425	458	464
	426	458	465
	427	459	466
	428	463	467
	429	463	468
	430	463	469
	431	470	471
	432	471	472
	433	472	473
	434	473	474
	435	473	475
	436	470	476
	437	470	477
	438	471	478
	439	475	479
	440	475	480
	441	475	481
	442	482	483
	443	483	484
	444	484	485
	445	485	486
	446	485	487
	447	482	488
	448	482	489
	449	483	490
	450	487	491
	451	487	492
	452	487	493
	453	494	495
	454	495	496
	455	496	497
	456	497	498
	457	497	499
	458	494	500
	459	494	501
	460	495	502
	461	499	503
	462	499	504
	463	499	505
	464	506	507
	465	507	508
	466	508	509
	467	509	510
	468	509	511
	469	506	512
	470	506	513
	471	507	514
	472	511	515
	473	511	516
	474	511	517
	475	518	519
	476	519	520
	477	520	521
	478	521	522
	479	521	523
	480	518	524
	481	518	525
	482	519	526
	483	523	527
	484	523	528
	485	523	529
	486	530	531
	487	531	532
	488	532	533
	489	533	534
	490	533	535
	491	530	536
	492	530	537
	493	531	538
	494	535	539
	495	535	540
	496	535	541
	497	542	543
	498	543	544
	499	544	545
	500	545	546
	501	545	547
	502	542	548
	503	542	549
	504	543	550
	505	547	551
	506	547	552
	507	547	553
	508	554	555
	509	555	556
	510	556	557
	511	557	558
	512	557	559
	513	554	560
	514	554	561
	515	555	562
	516	559	563
	517	559	564
	518	559	565
	519	566	567
	520	567	568
	521	568	569
	522	569	570
	523	569	571
	524	566	572
	525	566	573
	526	567	574
	527	571	575
	528	571	576
	529	571	577
	530	578	579
	531	579	580
	532	580	581
	533	581	582
	534	581	583
	535	578	584
	536	578	585
	537	579	586
	538	583	587
	539	583	588
	540	583	589
	541	590	591
	542	591	592
	543	592	593
	544	593	594
	545	593	595
	546	590	596
	547	590	597
	548	591	598
	549	591	599
	550	595	600
	551	595	601
	552	595	602
      553  2  14
      554  15  26
      555  27  38
      556  39  50
      557  51  62
      558  63  74
      559  75  86
      560  87  98
      561  99  110
      562  111  122
      563  123  134
      564  135  146
      565  147  158
      566  159  170
      567  171  182
      568  183  194
      569  195  206
      570  207  218
      571  219  230
      572  231  242
      573  243  254
      574  255  266
      575  267  278
      576  279  290
      577  291  302
      578  303  314
      579  315  326
      580  327  338
      581  339  350
      582  351  362
      583  363  374
      584  375  386
      585  387  398
      586  399  410
      587  411  422
      588  423  434
      589  435  446
      590  447  458
      591  459  470
      592  471  482
      593  483  494
      594  495  506
      595  507  518
      596  519  530
      597  531  542
      598  543  554
      599  555  566
      600  567  578
      601  579  590
	602	603	604
	603	604	605
	604	605	606
	605	606	607
	606	606	608
	607	603	609
	608	603	610
	609	603	611
	610	604	612
	611	608	613
	612	608	614
	613	608	615
	614	616	617
	615	617	618
	616	618	619
	617	619	620
	618	619	621
	619	616	622
	620	616	623
	621	617	624
	622	621	625
	623	621	626
	624	621	627
	625	628	629
	626	629	630
	627	630	631
	628	631	632
	629	631	633
	630	628	634
	631	628	635
	632	629	636
	633	633	637
	634	633	638
	635	633	639
	636	640	641
	637	641	642
	638	642	643
	639	643	644
	640	643	645
	641	640	646
	642	640	647
	643	641	648
	644	645	649
	645	645	650
	646	645	651
	647	652	653
	648	653	654
	649	654	655
	650	655	656
	651	655	657
	652	652	658
	653	652	659
	654	653	660
	655	657	661
	656	657	662
	657	657	663
	658	664	665
	659	665	666
	660	666	667
	661	667	668
	662	667	669
	663	664	670
	664	664	671
	665	665	672
	666	669	673
	667	669	674
	668	669	675
	669	676	677
	670	677	678
	671	678	679
	672	679	680
	673	679	681
	674	676	682
	675	676	683
	676	677	684
	677	681	685
	678	681	686
	679	681	687
	680	688	689
	681	689	690
	682	690	691
	683	691	692
	684	691	693
	685	688	694
	686	688	695
	687	689	696
	688	693	697
	689	693	698
	690	693	699
	691	700	701
	692	701	702
	693	702	703
	694	703	704
	695	703	705
	696	700	706
	697	700	707
	698	701	708
	699	705	709
	700	705	710
	701	705	711
	702	712	713
	703	713	714
	704	714	715
	705	715	716
	706	715	717
	707	712	718
	708	712	719
	709	713	720
	710	717	721
	711	717	722
	712	717	723
	713	724	725
	714	725	726
	715	726	727
	716	727	728
	717	727	729
	718	724	730
	719	724	731
	720	725	732
	721	729	733
	722	729	734
	723	729	735
	724	736	737
	725	737	738
	726	738	739
	727	739	740
	728	739	741
	729	736	742
	730	736	743
	731	737	744
	732	741	745
	733	741	746
	734	741	747
	735	748	749
	736	749	750
	737	750	751
	738	751	752
	739	751	753
	740	748	754
	741	748	755
	742	749	756
	743	753	757
	744	753	758
	745	753	759
	746	760	761
	747	761	762
	748	762	763
	749	763	764
	750	763	765
	751	760	766
	752	760	767
	753	761	768
	754	765	769
	755	765	770
	756	765	771
	757	772	773
	758	773	774
	759	774	775
	760	775	776
	761	775	777
	762	772	778
	763	772	779
	764	773	780
	765	777	781
	766	777	782
	767	777	783
	768	784	785
	769	785	786
	770	786	787
	771	787	788
	772	787	789
	773	784	790
	774	784	791
	775	785	792
	776	789	793
	777	789	794
	778	789	795
	779	796	797
	780	797	798
	781	798	799
	782	799	800
	783	799	801
	784	796	802
	785	796	803
	786	797	804
	787	801	805
	788	801	806
	789	801	807
	790	808	809
	791	809	810
	792	810	811
	793	811	812
	794	811	813
	795	808	814
	796	808	815
	797	809	816
	798	813	817
	799	813	818
	800	813	819
	801	820	821
	802	821	822
	803	822	823
	804	823	824
	805	823	825
	806	820	826
	807	820	827
	808	821	828
	809	825	829
	810	825	830
	811	825	831
	812	832	833
	813	833	834
	814	834	835
	815	835	836
	816	835	837
	817	832	838
	818	832	839
	819	833	840
	820	837	841
	821	837	842
	822	837	843
	823	844	845
	824	845	846
	825	846	847
	826	847	848
	827	847	849
	828	844	850
	829	844	851
	830	845	852
	831	849	853
	832	849	854
	833	849	855
	834	856	857
	835	857	858
	836	858	859
	837	859	860
	838	859	861
	839	856	862
	840	856	863
	841	857	864
	842	861	865
	843	861	866
	844	861	867
	845	868	869
	846	869	870
	847	870	871
	848	871	872
	849	871	873
	850	868	874
	851	868	875
	852	869	876
	853	873	877
	854	873	878
	855	873	879
	856	880	881
	857	881	882
	858	882	883
	859	883	884
	860	883	885
	861	880	886
	862	880	887
	863	881	888
	864	885	889
	865	885	890
	866	885	891
	867	892	893
	868	893	894
	869	894	895
	870	895	896
	871	895	897
	872	892	898
	873	892	899
	874	893	900
	875	897	901
	876	897	902
	877	897	903
	878	904	905
	879	905	906
	880	906	907
	881	907	908
	882	907	909
	883	904	910
	884	904	911
	885	905	912
	886	909	913
	887	909	914
	888	909	915
	889	916	917
	890	917	918
	891	918	919
	892	919	920
	893	919	921
	894	916	922
	895	916	923
	896	917	924
	897	921	925
	898	921	926
	899	921	927
	900	928	929
	901	929	930
	902	930	931
	903	931	932
	904	931	933
	905	928	934
	906	928	935
	907	929	936
	908	933	937
	909	933	938
	910	933	939
	911	940	941
	912	941	942
	913	942	943
	914	943	944
	915	943	945
	916	940	946
	917	940	947
	918	941	948
	919	945	949
	920	945	950
	921	945	951
	922	952	953
	923	953	954
	924	954	955
	925	955	956
	926	955	957
	927	952	958
	928	952	959
	929	953	960
	930	957	961
	931	957	962
	932	957	963
	933	964	965
	934	965	966
	935	966	967
	936	967	968
	937	967	969
	938	964	970
	939	964	971
	940	965	972
	941	969	973
	942	969	974
	943	969	975
	944	976	977
	945	977	978
	946	978	979
	947	979	980
	948	979	981
	949	976	982
	950	976	983
	951	977	984
	952	981	985
	953	981	986
	954	981	987
	955	988	989
	956	989	990
	957	990	991
	958	991	992
	959	991	993
	960	988	994
	961	988	995
	962	989	996
	963	993	997
	964	993	998
	965	993	999
	966	1000	1001
	967	1001	1002
	968	1002	1003
	969	1003	1004
	970	1003	1005
	971	1000	1006
	972	1000	1007
	973	1001	1008
	974	1005	1009
	975	1005	1010
	976	1005	1011
	977	1012	1013
	978	1013	1014
	979	1014	1015
	980	1015	1016
	981	1015	1017
	982	1012	1018
	983	1012	1019
	984	1013	1020
	985	1017	1021
	986	1017	1022
	987	1017	1023
	988	1024	1025
	989	1025	1026
	990	1026	1027
	991	1027	1028
	992	1027	1029
	993	1024	1030
	994	1024	1031
	995	1025	1032
	996	1029	1033
	997	1029	1034
	998	1029	1035
	999	1036	1037
	1000	1037	1038
	1001	1038	1039
	1002	1039	1040
	1003	1039	1041
	1004	1036	1042
	1005	1036	1043
	1006	1037	1044
	1007	1041	1045
	1008	1041	1046
	1009	1041	1047
	1010	1048	1049
	1011	1049	1050
	1012	1050	1051
	1013	1051	1052
	1014	1051	1053
	1015	1048	1054
	1016	1048	1055
	1017	1049	1056
	1018	1053	1057
	1019	1053	1058
	1020	1053	1059
	1021	1060	1061
	1022	1061	1062
	1023	1062	1063
	1024	1063	1064
	1025	1063	1065
	1026	1060	1066
	1027	1060	1067
	1028	1061	1068
	1029	1065	1069
	1030	1065	1070
	1031	1065	1071
	1032	1072	1073
	1033	1073	1074
	1034	1074	1075
	1035	1075	1076
	1036	1075	1077
	1037	1072	1078
	1038	1072	1079
	1039	1073	1080
	1040	1077	1081
	1041	1077	1082
	1042	1077	1083
	1043	1084	1085
	1044	1085	1086
	1045	1086	1087
	1046	1087	1088
	1047	1087	1089
	1048	1084	1090
	1049	1084	1091
	1050	1085	1092
	1051	1089	1093
	1052	1089	1094
	1053	1089	1095
	1054	1096	1097
	1055	1097	1098
	1056	1098	1099
	1057	1099	1100
	1058	1099	1101
	1059	1096	1102
	1060	1096	1103
	1061	1097	1104
	1062	1101	1105
	1063	1101	1106
	1064	1101	1107
	1065	1108	1109
	1066	1109	1110
	1067	1110	1111
	1068	1111	1112
	1069	1111	1113
	1070	1108	1114
	1071	1108	1115
	1072	1109	1116
	1073	1113	1117
	1074	1113	1118
	1075	1113	1119
	1076	1120	1121
	1077	1121	1122
	1078	1122	1123
	1079	1123	1124
	1080	1123	1125
	1081	1120	1126
	1082	1120	1127
	1083	1121	1128
	1084	1125	1129
	1085	1125	1130
	1086	1125	1131
	1087	1132	1133
	1088	1133	1134
	1089	1134	1135
	1090	1135	1136
	1091	1135	1137
	1092	1132	1138
	1093	1132	1139
	1094	1133	1140
	1095	1137	1141
	1096	1137	1142
	1097	1137	1143
	1098	1144	1145
	1099	1145	1146
	1100	1146	1147
	1101	1147	1148
	1102	1147	1149
	1103	1144	1150
	1104	1144	1151
	1105	1145	1152
	1106	1149	1153
	1107	1149	1154
	1108	1149	1155
	1109	1156	1157
	1110	1157	1158
	1111	1158	1159
	1112	1159	1160
	1113	1159	1161
	1114	1156	1162
	1115	1156	1163
	1116	1157	1164
	1117	1161	1165
	1118	1161	1166
	1119	1161	1167
	1120	1168	1169
	1121	1169	1170
	1122	1170	1171
	1123	1171	1172
	1124	1171	1173
	1125	1168	1174
	1126	1168	1175
	1127	1169	1176
	1128	1173	1177
	1129	1173	1178
	1130	1173	1179
	1131	1180	1181
	1132	1181	1182
	1133	1182	1183
	1134	1183	1184
	1135	1183	1185
	1136	1180	1186
	1137	1180	1187
	1138	1181	1188
	1139	1185	1189
	1140	1185	1190
	1141	1185	1191
	1142	1192	1193
	1143	1193	1194
	1144	1194	1195
	1145	1195	1196
	1146	1195	1197
	1147	1192	1198
	1148	1192	1199
	1149	1193	1200
	1150	1193	1201
	1151	1197	1202
	1152	1197	1203
	1153	1197	1204
      1154  604  616
      1155  617  628
      1156  629  640
      1157  641  652
      1158  653  664
      1159  665  676
      1160  677  688
      1161  689  700
      1162  701  712
      1163  713  724
      1164  725  736
      1165  737  748
      1166  749  760
      1167  761  772
      1168  773  784
      1169  785  796
      1170  797  808
      1171  809  820
      1172  821  832
      1173  833  844
      1174  845  856
      1175  857  868
      1176  869  880
      1177  881  892
      1178  893  904
      1179  905  916
      1180  917  928
      1181  929  940
      1182  941  952
      1183  953  964
      1184  965  976
      1185  977  988
      1186  989  1000
      1187  1001  1012
      1188  1013  1024
      1189  1025  1036
      1190  1037  1048
      1191  1049  1060
      1192  1061  1072
      1193  1073  1084
      1194  1085  1096
      1195  1097  1108
      1196  1109  1120
      1197  1121  1132
      1198  1133  1144
      1199  1145  1156
      1200  1157  1168
      1201  1169  1180
      1202  1181  1192
	1203	1205	1206
	1204	1206	1207
	1205	1207	1208
	1206	1208	1209
	1207	1208	1210
	1208	1205	1211
	1209	1205	1212
	1210	1205	1213
	1211	1206	1214
	1212	1210	1215
	1213	1210	1216
	1214	1210	1217
	1215	1218	1219
	1216	1219	1220
	1217	1220	1221
	1218	1221	1222
	1219	1221	1223
	1220	1218	1224
	1221	1218	1225
	1222	1219	1226
	1223	1223	1227
	1224	1223	1228
	1225	1223	1229
	1226	1230	1231
	1227	1231	1232
	1228	1232	1233
	1229	1233	1234
	1230	1233	1235
	1231	1230	1236
	1232	1230	1237
	1233	1231	1238
	1234	1235	1239
	1235	1235	1240
	1236	1235	1241
	1237	1242	1243
	1238	1243	1244
	1239	1244	1245
	1240	1245	1246
	1241	1245	1247
	1242	1242	1248
	1243	1242	1249
	1244	1243	1250
	1245	1247	1251
	1246	1247	1252
	1247	1247	1253
	1248	1254	1255
	1249	1255	1256
	1250	1256	1257
	1251	1257	1258
	1252	1257	1259
	1253	1254	1260
	1254	1254	1261
	1255	1255	1262
	1256	1259	1263
	1257	1259	1264
	1258	1259	1265
	1259	1266	1267
	1260	1267	1268
	1261	1268	1269
	1262	1269	1270
	1263	1269	1271
	1264	1266	1272
	1265	1266	1273
	1266	1267	1274
	1267	1271	1275
	1268	1271	1276
	1269	1271	1277
	1270	1278	1279
	1271	1279	1280
	1272	1280	1281
	1273	1281	1282
	1274	1281	1283
	1275	1278	1284
	1276	1278	1285
	1277	1279	1286
	1278	1283	1287
	1279	1283	1288
	1280	1283	1289
	1281	1290	1291
	1282	1291	1292
	1283	1292	1293
	1284	1293	1294
	1285	1293	1295
	1286	1290	1296
	1287	1290	1297
	1288	1291	1298
	1289	1295	1299
	1290	1295	1300
	1291	1295	1301
	1292	1302	1303
	1293	1303	1304
	1294	1304	1305
	1295	1305	1306
	1296	1305	1307
	1297	1302	1308
	1298	1302	1309
	1299	1303	1310
	1300	1307	1311
	1301	1307	1312
	1302	1307	1313
	1303	1314	1315
	1304	1315	1316
	1305	1316	1317
	1306	1317	1318
	1307	1317	1319
	1308	1314	1320
	1309	1314	1321
	1310	1315	1322
	1311	1319	1323
	1312	1319	1324
	1313	1319	1325
	1314	1326	1327
	1315	1327	1328
	1316	1328	1329
	1317	1329	1330
	1318	1329	1331
	1319	1326	1332
	1320	1326	1333
	1321	1327	1334
	1322	1331	1335
	1323	1331	1336
	1324	1331	1337
	1325	1338	1339
	1326	1339	1340
	1327	1340	1341
	1328	1341	1342
	1329	1341	1343
	1330	1338	1344
	1331	1338	1345
	1332	1339	1346
	1333	1343	1347
	1334	1343	1348
	1335	1343	1349
	1336	1350	1351
	1337	1351	1352
	1338	1352	1353
	1339	1353	1354
	1340	1353	1355
	1341	1350	1356
	1342	1350	1357
	1343	1351	1358
	1344	1355	1359
	1345	1355	1360
	1346	1355	1361
	1347	1362	1363
	1348	1363	1364
	1349	1364	1365
	1350	1365	1366
	1351	1365	1367
	1352	1362	1368
	1353	1362	1369
	1354	1363	1370
	1355	1367	1371
	1356	1367	1372
	1357	1367	1373
	1358	1374	1375
	1359	1375	1376
	1360	1376	1377
	1361	1377	1378
	1362	1377	1379
	1363	1374	1380
	1364	1374	1381
	1365	1375	1382
	1366	1379	1383
	1367	1379	1384
	1368	1379	1385
	1369	1386	1387
	1370	1387	1388
	1371	1388	1389
	1372	1389	1390
	1373	1389	1391
	1374	1386	1392
	1375	1386	1393
	1376	1387	1394
	1377	1391	1395
	1378	1391	1396
	1379	1391	1397
	1380	1398	1399
	1381	1399	1400
	1382	1400	1401
	1383	1401	1402
	1384	1401	1403
	1385	1398	1404
	1386	1398	1405
	1387	1399	1406
	1388	1403	1407
	1389	1403	1408
	1390	1403	1409
	1391	1410	1411
	1392	1411	1412
	1393	1412	1413
	1394	1413	1414
	1395	1413	1415
	1396	1410	1416
	1397	1410	1417
	1398	1411	1418
	1399	1415	1419
	1400	1415	1420
	1401	1415	1421
	1402	1422	1423
	1403	1423	1424
	1404	1424	1425
	1405	1425	1426
	1406	1425	1427
	1407	1422	1428
	1408	1422	1429
	1409	1423	1430
	1410	1427	1431
	1411	1427	1432
	1412	1427	1433
	1413	1434	1435
	1414	1435	1436
	1415	1436	1437
	1416	1437	1438
	1417	1437	1439
	1418	1434	1440
	1419	1434	1441
	1420	1435	1442
	1421	1439	1443
	1422	1439	1444
	1423	1439	1445
	1424	1446	1447
	1425	1447	1448
	1426	1448	1449
	1427	1449	1450
	1428	1449	1451
	1429	1446	1452
	1430	1446	1453
	1431	1447	1454
	1432	1451	1455
	1433	1451	1456
	1434	1451	1457
	1435	1458	1459
	1436	1459	1460
	1437	1460	1461
	1438	1461	1462
	1439	1461	1463
	1440	1458	1464
	1441	1458	1465
	1442	1459	1466
	1443	1463	1467
	1444	1463	1468
	1445	1463	1469
	1446	1470	1471
	1447	1471	1472
	1448	1472	1473
	1449	1473	1474
	1450	1473	1475
	1451	1470	1476
	1452	1470	1477
	1453	1471	1478
	1454	1475	1479
	1455	1475	1480
	1456	1475	1481
	1457	1482	1483
	1458	1483	1484
	1459	1484	1485
	1460	1485	1486
	1461	1485	1487
	1462	1482	1488
	1463	1482	1489
	1464	1483	1490
	1465	1487	1491
	1466	1487	1492
	1467	1487	1493
	1468	1494	1495
	1469	1495	1496
	1470	1496	1497
	1471	1497	1498
	1472	1497	1499
	1473	1494	1500
	1474	1494	1501
	1475	1495	1502
	1476	1499	1503
	1477	1499	1504
	1478	1499	1505
	1479	1506	1507
	1480	1507	1508
	1481	1508	1509
	1482	1509	1510
	1483	1509	1511
	1484	1506	1512
	1485	1506	1513
	1486	1507	1514
	1487	1511	1515
	1488	1511	1516
	1489	1511	1517
	1490	1518	1519
	1491	1519	1520
	1492	1520	1521
	1493	1521	1522
	1494	1521	1523
	1495	1518	1524
	1496	1518	1525
	1497	1519	1526
	1498	1523	1527
	1499	1523	1528
	1500	1523	1529
	1501	1530	1531
	1502	1531	1532
	1503	1532	1533
	1504	1533	1534
	1505	1533	1535
	1506	1530	1536
	1507	1530	1537
	1508	1531	1538
	1509	1535	1539
	1510	1535	1540
	1511	1535	1541
	1512	1542	1543
	1513	1543	1544
	1514	1544	1545
	1515	1545	1546
	1516	1545	1547
	1517	1542	1548
	1518	1542	1549
	1519	1543	1550
	1520	1547	1551
	1521	1547	1552
	1522	1547	1553
	1523	1554	1555
	1524	1555	1556
	1525	1556	1557
	1526	1557	1558
	1527	1557	1559
	1528	1554	1560
	1529	1554	1561
	1530	1555	1562
	1531	1559	1563
	1532	1559	1564
	1533	1559	1565
	1534	1566	1567
	1535	1567	1568
	1536	1568	1569
	1537	1569	1570
	1538	1569	1571
	1539	1566	1572
	1540	1566	1573
	1541	1567	1574
	1542	1571	1575
	1543	1571	1576
	1544	1571	1577
	1545	1578	1579
	1546	1579	1580
	1547	1580	1581
	1548	1581	1582
	1549	1581	1583
	1550	1578	1584
	1551	1578	1585
	1552	1579	1586
	1553	1583	1587
	1554	1583	1588
	1555	1583	1589
	1556	1590	1591
	1557	1591	1592
	1558	1592	1593
	1559	1593	1594
	1560	1593	1595
	1561	1590	1596
	1562	1590	1597
	1563	1591	1598
	1564	1595	1599
	1565	1595	1600
	1566	1595	1601
	1567	1602	1603
	1568	1603	1604
	1569	1604	1605
	1570	1605	1606
	1571	1605	1607
	1572	1602	1608
	1573	1602	1609
	1574	1603	1610
	1575	1607	1611
	1576	1607	1612
	1577	1607	1613
	1578	1614	1615
	1579	1615	1616
	1580	1616	1617
	1581	1617	1618
	1582	1617	1619
	1583	1614	1620
	1584	1614	1621
	1585	1615	1622
	1586	1619	1623
	1587	1619	1624
	1588	1619	1625
	1589	1626	1627
	1590	1627	1628
	1591	1628	1629
	1592	1629	1630
	1593	1629	1631
	1594	1626	1632
	1595	1626	1633
	1596	1627	1634
	1597	1631	1635
	1598	1631	1636
	1599	1631	1637
	1600	1638	1639
	1601	1639	1640
	1602	1640	1641
	1603	1641	1642
	1604	1641	1643
	1605	1638	1644
	1606	1638	1645
	1607	1639	1646
	1608	1643	1647
	1609	1643	1648
	1610	1643	1649
	1611	1650	1651
	1612	1651	1652
	1613	1652	1653
	1614	1653	1654
	1615	1653	1655
	1616	1650	1656
	1617	1650	1657
	1618	1651	1658
	1619	1655	1659
	1620	1655	1660
	1621	1655	1661
	1622	1662	1663
	1623	1663	1664
	1624	1664	1665
	1625	1665	1666
	1626	1665	1667
	1627	1662	1668
	1628	1662	1669
	1629	1663	1670
	1630	1667	1671
	1631	1667	1672
	1632	1667	1673
	1633	1674	1675
	1634	1675	1676
	1635	1676	1677
	1636	1677	1678
	1637	1677	1679
	1638	1674	1680
	1639	1674	1681
	1640	1675	1682
	1641	1679	1683
	1642	1679	1684
	1643	1679	1685
	1644	1686	1687
	1645	1687	1688
	1646	1688	1689
	1647	1689	1690
	1648	1689	1691
	1649	1686	1692
	1650	1686	1693
	1651	1687	1694
	1652	1691	1695
	1653	1691	1696
	1654	1691	1697
	1655	1698	1699
	1656	1699	1700
	1657	1700	1701
	1658	1701	1702
	1659	1701	1703
	1660	1698	1704
	1661	1698	1705
	1662	1699	1706
	1663	1703	1707
	1664	1703	1708
	1665	1703	1709
	1666	1710	1711
	1667	1711	1712
	1668	1712	1713
	1669	1713	1714
	1670	1713	1715
	1671	1710	1716
	1672	1710	1717
	1673	1711	1718
	1674	1715	1719
	1675	1715	1720
	1676	1715	1721
	1677	1722	1723
	1678	1723	1724
	1679	1724	1725
	1680	1725	1726
	1681	1725	1727
	1682	1722	1728
	1683	1722	1729
	1684	1723	1730
	1685	1727	1731
	1686	1727	1732
	1687	1727	1733
	1688	1734	1735
	1689	1735	1736
	1690	1736	1737
	1691	1737	1738
	1692	1737	1739
	1693	1734	1740
	1694	1734	1741
	1695	1735	1742
	1696	1739	1743
	1697	1739	1744
	1698	1739	1745
	1699	1746	1747
	1700	1747	1748
	1701	1748	1749
	1702	1749	1750
	1703	1749	1751
	1704	1746	1752
	1705	1746	1753
	1706	1747	1754
	1707	1751	1755
	1708	1751	1756
	1709	1751	1757
	1710	1758	1759
	1711	1759	1760
	1712	1760	1761
	1713	1761	1762
	1714	1761	1763
	1715	1758	1764
	1716	1758	1765
	1717	1759	1766
	1718	1763	1767
	1719	1763	1768
	1720	1763	1769
	1721	1770	1771
	1722	1771	1772
	1723	1772	1773
	1724	1773	1774
	1725	1773	1775
	1726	1770	1776
	1727	1770	1777
	1728	1771	1778
	1729	1775	1779
	1730	1775	1780
	1731	1775	1781
	1732	1782	1783
	1733	1783	1784
	1734	1784	1785
	1735	1785	1786
	1736	1785	1787
	1737	1782	1788
	1738	1782	1789
	1739	1783	1790
	1740	1787	1791
	1741	1787	1792
	1742	1787	1793
	1743	1794	1795
	1744	1795	1796
	1745	1796	1797
	1746	1797	1798
	1747	1797	1799
	1748	1794	1800
	1749	1794	1801
	1750	1795	1802
	1751	1795	1803
	1752	1799	1804
	1753	1799	1805
	1754	1799	1806
      1755  1206  1218
      1756  1219  1230
      1757  1231  1242
      1758  1243  1254
      1759  1255  1266
      1760  1267  1278
      1761  1279  1290
      1762  1291  1302
      1763  1303  1314
      1764  1315  1326
      1765  1327  1338
      1766  1339  1350
      1767  1351  1362
      1768  1363  1374
      1769  1375  1386
      1770  1387  1398
      1771  1399  1410
      1772  1411  1422
      1773  1423  1434
      1774  1435  1446
      1775  1447  1458
      1776  1459  1470
      1777  1471  1482
      1778  1483  1494
      1779  1495  1506
      1780  1507  1518
      1781  1519  1530
      1782  1531  1542
      1783  1543  1554
      1784  1555  1566
      1785  1567  1578
      1786  1579  1590
      1787  1591  1602
      1788  1603  1614
      1789  1615  1626
      1790  1627  1638
      1791  1639  1650
      1792  1651  1662
      1793  1663  1674
      1794  1675  1686
      1795  1687  1698
      1796  1699  1710
      1797  1711  1722
      1798  1723  1734
      1799  1735  1746
      1800  1747  1758
      1801  1759  1770
      1802  1771  1782
      1803  1783  1794
	1804	1807	1808
	1805	1808	1809
	1806	1809	1810
	1807	1810	1811
	1808	1810	1812
	1809	1807	1813
	1810	1807	1814
	1811	1807	1815
	1812	1808	1816
	1813	1812	1817
	1814	1812	1818
	1815	1812	1819
	1816	1820	1821
	1817	1821	1822
	1818	1822	1823
	1819	1823	1824
	1820	1823	1825
	1821	1820	1826
	1822	1820	1827
	1823	1821	1828
	1824	1825	1829
	1825	1825	1830
	1826	1825	1831
	1827	1832	1833
	1828	1833	1834
	1829	1834	1835
	1830	1835	1836
	1831	1835	1837
	1832	1832	1838
	1833	1832	1839
	1834	1833	1840
	1835	1837	1841
	1836	1837	1842
	1837	1837	1843
	1838	1844	1845
	1839	1845	1846
	1840	1846	1847
	1841	1847	1848
	1842	1847	1849
	1843	1844	1850
	1844	1844	1851
	1845	1845	1852
	1846	1849	1853
	1847	1849	1854
	1848	1849	1855
	1849	1856	1857
	1850	1857	1858
	1851	1858	1859
	1852	1859	1860
	1853	1859	1861
	1854	1856	1862
	1855	1856	1863
	1856	1857	1864
	1857	1861	1865
	1858	1861	1866
	1859	1861	1867
	1860	1868	1869
	1861	1869	1870
	1862	1870	1871
	1863	1871	1872
	1864	1871	1873
	1865	1868	1874
	1866	1868	1875
	1867	1869	1876
	1868	1873	1877
	1869	1873	1878
	1870	1873	1879
	1871	1880	1881
	1872	1881	1882
	1873	1882	1883
	1874	1883	1884
	1875	1883	1885
	1876	1880	1886
	1877	1880	1887
	1878	1881	1888
	1879	1885	1889
	1880	1885	1890
	1881	1885	1891
	1882	1892	1893
	1883	1893	1894
	1884	1894	1895
	1885	1895	1896
	1886	1895	1897
	1887	1892	1898
	1888	1892	1899
	1889	1893	1900
	1890	1897	1901
	1891	1897	1902
	1892	1897	1903
	1893	1904	1905
	1894	1905	1906
	1895	1906	1907
	1896	1907	1908
	1897	1907	1909
	1898	1904	1910
	1899	1904	1911
	1900	1905	1912
	1901	1909	1913
	1902	1909	1914
	1903	1909	1915
	1904	1916	1917
	1905	1917	1918
	1906	1918	1919
	1907	1919	1920
	1908	1919	1921
	1909	1916	1922
	1910	1916	1923
	1911	1917	1924
	1912	1921	1925
	1913	1921	1926
	1914	1921	1927
	1915	1928	1929
	1916	1929	1930
	1917	1930	1931
	1918	1931	1932
	1919	1931	1933
	1920	1928	1934
	1921	1928	1935
	1922	1929	1936
	1923	1933	1937
	1924	1933	1938
	1925	1933	1939
	1926	1940	1941
	1927	1941	1942
	1928	1942	1943
	1929	1943	1944
	1930	1943	1945
	1931	1940	1946
	1932	1940	1947
	1933	1941	1948
	1934	1945	1949
	1935	1945	1950
	1936	1945	1951
	1937	1952	1953
	1938	1953	1954
	1939	1954	1955
	1940	1955	1956
	1941	1955	1957
	1942	1952	1958
	1943	1952	1959
	1944	1953	1960
	1945	1957	1961
	1946	1957	1962
	1947	1957	1963
	1948	1964	1965
	1949	1965	1966
	1950	1966	1967
	1951	1967	1968
	1952	1967	1969
	1953	1964	1970
	1954	1964	1971
	1955	1965	1972
	1956	1969	1973
	1957	1969	1974
	1958	1969	1975
	1959	1976	1977
	1960	1977	1978
	1961	1978	1979
	1962	1979	1980
	1963	1979	1981
	1964	1976	1982
	1965	1976	1983
	1966	1977	1984
	1967	1981	1985
	1968	1981	1986
	1969	1981	1987
	1970	1988	1989
	1971	1989	1990
	1972	1990	1991
	1973	1991	1992
	1974	1991	1993
	1975	1988	1994
	1976	1988	1995
	1977	1989	1996
	1978	1993	1997
	1979	1993	1998
	1980	1993	1999
	1981	2000	2001
	1982	2001	2002
	1983	2002	2003
	1984	2003	2004
	1985	2003	2005
	1986	2000	2006
	1987	2000	2007
	1988	2001	2008
	1989	2005	2009
	1990	2005	2010
	1991	2005	2011
	1992	2012	2013
	1993	2013	2014
	1994	2014	2015
	1995	2015	2016
	1996	2015	2017
	1997	2012	2018
	1998	2012	2019
	1999	2013	2020
	2000	2017	2021
	2001	2017	2022
	2002	2017	2023
	2003	2024	2025
	2004	2025	2026
	2005	2026	2027
	2006	2027	2028
	2007	2027	2029
	2008	2024	2030
	2009	2024	2031
	2010	2025	2032
	2011	2029	2033
	2012	2029	2034
	2013	2029	2035
	2014	2036	2037
	2015	2037	2038
	2016	2038	2039
	2017	2039	2040
	2018	2039	2041
	2019	2036	2042
	2020	2036	2043
	2021	2037	2044
	2022	2041	2045
	2023	2041	2046
	2024	2041	2047
	2025	2048	2049
	2026	2049	2050
	2027	2050	2051
	2028	2051	2052
	2029	2051	2053
	2030	2048	2054
	2031	2048	2055
	2032	2049	2056
	2033	2053	2057
	2034	2053	2058
	2035	2053	2059
	2036	2060	2061
	2037	2061	2062
	2038	2062	2063
	2039	2063	2064
	2040	2063	2065
	2041	2060	2066
	2042	2060	2067
	2043	2061	2068
	2044	2065	2069
	2045	2065	2070
	2046	2065	2071
	2047	2072	2073
	2048	2073	2074
	2049	2074	2075
	2050	2075	2076
	2051	2075	2077
	2052	2072	2078
	2053	2072	2079
	2054	2073	2080
	2055	2077	2081
	2056	2077	2082
	2057	2077	2083
	2058	2084	2085
	2059	2085	2086
	2060	2086	2087
	2061	2087	2088
	2062	2087	2089
	2063	2084	2090
	2064	2084	2091
	2065	2085	2092
	2066	2089	2093
	2067	2089	2094
	2068	2089	2095
	2069	2096	2097
	2070	2097	2098
	2071	2098	2099
	2072	2099	2100
	2073	2099	2101
	2074	2096	2102
	2075	2096	2103
	2076	2097	2104
	2077	2101	2105
	2078	2101	2106
	2079	2101	2107
	2080	2108	2109
	2081	2109	2110
	2082	2110	2111
	2083	2111	2112
	2084	2111	2113
	2085	2108	2114
	2086	2108	2115
	2087	2109	2116
	2088	2113	2117
	2089	2113	2118
	2090	2113	2119
	2091	2120	2121
	2092	2121	2122
	2093	2122	2123
	2094	2123	2124
	2095	2123	2125
	2096	2120	2126
	2097	2120	2127
	2098	2121	2128
	2099	2125	2129
	2100	2125	2130
	2101	2125	2131
	2102	2132	2133
	2103	2133	2134
	2104	2134	2135
	2105	2135	2136
	2106	2135	2137
	2107	2132	2138
	2108	2132	2139
	2109	2133	2140
	2110	2137	2141
	2111	2137	2142
	2112	2137	2143
	2113	2144	2145
	2114	2145	2146
	2115	2146	2147
	2116	2147	2148
	2117	2147	2149
	2118	2144	2150
	2119	2144	2151
	2120	2145	2152
	2121	2149	2153
	2122	2149	2154
	2123	2149	2155
	2124	2156	2157
	2125	2157	2158
	2126	2158	2159
	2127	2159	2160
	2128	2159	2161
	2129	2156	2162
	2130	2156	2163
	2131	2157	2164
	2132	2161	2165
	2133	2161	2166
	2134	2161	2167
	2135	2168	2169
	2136	2169	2170
	2137	2170	2171
	2138	2171	2172
	2139	2171	2173
	2140	2168	2174
	2141	2168	2175
	2142	2169	2176
	2143	2173	2177
	2144	2173	2178
	2145	2173	2179
	2146	2180	2181
	2147	2181	2182
	2148	2182	2183
	2149	2183	2184
	2150	2183	2185
	2151	2180	2186
	2152	2180	2187
	2153	2181	2188
	2154	2185	2189
	2155	2185	2190
	2156	2185	2191
	2157	2192	2193
	2158	2193	2194
	2159	2194	2195
	2160	2195	2196
	2161	2195	2197
	2162	2192	2198
	2163	2192	2199
	2164	2193	2200
	2165	2197	2201
	2166	2197	2202
	2167	2197	2203
	2168	2204	2205
	2169	2205	2206
	2170	2206	2207
	2171	2207	2208
	2172	2207	2209
	2173	2204	2210
	2174	2204	2211
	2175	2205	2212
	2176	2209	2213
	2177	2209	2214
	2178	2209	2215
	2179	2216	2217
	2180	2217	2218
	2181	2218	2219
	2182	2219	2220
	2183	2219	2221
	2184	2216	2222
	2185	2216	2223
	2186	2217	2224
	2187	2221	2225
	2188	2221	2226
	2189	2221	2227
	2190	2228	2229
	2191	2229	2230
	2192	2230	2231
	2193	2231	2232
	2194	2231	2233
	2195	2228	2234
	2196	2228	2235
	2197	2229	2236
	2198	2233	2237
	2199	2233	2238
	2200	2233	2239
	2201	2240	2241
	2202	2241	2242
	2203	2242	2243
	2204	2243	2244
	2205	2243	2245
	2206	2240	2246
	2207	2240	2247
	2208	2241	2248
	2209	2245	2249
	2210	2245	2250
	2211	2245	2251
	2212	2252	2253
	2213	2253	2254
	2214	2254	2255
	2215	2255	2256
	2216	2255	2257
	2217	2252	2258
	2218	2252	2259
	2219	2253	2260
	2220	2257	2261
	2221	2257	2262
	2222	2257	2263
	2223	2264	2265
	2224	2265	2266
	2225	2266	2267
	2226	2267	2268
	2227	2267	2269
	2228	2264	2270
	2229	2264	2271
	2230	2265	2272
	2231	2269	2273
	2232	2269	2274
	2233	2269	2275
	2234	2276	2277
	2235	2277	2278
	2236	2278	2279
	2237	2279	2280
	2238	2279	2281
	2239	2276	2282
	2240	2276	2283
	2241	2277	2284
	2242	2281	2285
	2243	2281	2286
	2244	2281	2287
	2245	2288	2289
	2246	2289	2290
	2247	2290	2291
	2248	2291	2292
	2249	2291	2293
	2250	2288	2294
	2251	2288	2295
	2252	2289	2296
	2253	2293	2297
	2254	2293	2298
	2255	2293	2299
	2256	2300	2301
	2257	2301	2302
	2258	2302	2303
	2259	2303	2304
	2260	2303	2305
	2261	2300	2306
	2262	2300	2307
	2263	2301	2308
	2264	2305	2309
	2265	2305	2310
	2266	2305	2311
	2267	2312	2313
	2268	2313	2314
	2269	2314	2315
	2270	2315	2316
	2271	2315	2317
	2272	2312	2318
	2273	2312	2319
	2274	2313	2320
	2275	2317	2321
	2276	2317	2322
	2277	2317	2323
	2278	2324	2325
	2279	2325	2326
	2280	2326	2327
	2281	2327	2328
	2282	2327	2329
	2283	2324	2330
	2284	2324	2331
	2285	2325	2332
	2286	2329	2333
	2287	2329	2334
	2288	2329	2335
	2289	2336	2337
	2290	2337	2338
	2291	2338	2339
	2292	2339	2340
	2293	2339	2341
	2294	2336	2342
	2295	2336	2343
	2296	2337	2344
	2297	2341	2345
	2298	2341	2346
	2299	2341	2347
	2300	2348	2349
	2301	2349	2350
	2302	2350	2351
	2303	2351	2352
	2304	2351	2353
	2305	2348	2354
	2306	2348	2355
	2307	2349	2356
	2308	2353	2357
	2309	2353	2358
	2310	2353	2359
	2311	2360	2361
	2312	2361	2362
	2313	2362	2363
	2314	2363	2364
	2315	2363	2365
	2316	2360	2366
	2317	2360	2367
	2318	2361	2368
	2319	2365	2369
	2320	2365	2370
	2321	2365	2371
	2322	2372	2373
	2323	2373	2374
	2324	2374	2375
	2325	2375	2376
	2326	2375	2377
	2327	2372	2378
	2328	2372	2379
	2329	2373	2380
	2330	2377	2381
	2331	2377	2382
	2332	2377	2383
	2333	2384	2385
	2334	2385	2386
	2335	2386	2387
	2336	2387	2388
	2337	2387	2389
	2338	2384	2390
	2339	2384	2391
	2340	2385	2392
	2341	2389	2393
	2342	2389	2394
	2343	2389	2395
	2344	2396	2397
	2345	2397	2398
	2346	2398	2399
	2347	2399	2400
	2348	2399	2401
	2349	2396	2402
	2350	2396	2403
	2351	2397	2404
	2352	2397	2405
	2353	2401	2406
	2354	2401	2407
	2355	2401	2408
      2356  1808  1820
      2357  1821  1832
      2358  1833  1844
      2359  1845  1856
      2360  1857  1868
      2361  1869  1880
      2362  1881  1892
      2363  1893  1904
      2364  1905  1916
      2365  1917  1928
      2366  1929  1940
      2367  1941  1952
      2368  1953  1964
      2369  1965  1976
      2370  1977  1988
      2371  1989  2000
      2372  2001  2012
      2373  2013  2024
      2374  2025  2036
      2375  2037  2048
      2376  2049  2060
      2377  2061  2072
      2378  2073  2084
      2379  2085  2096
      2380  2097  2108
      2381  2109  2120
      2382  2121  2132
      2383  2133  2144
      2384  2145  2156
      2385  2157  2168
      2386  2169  2180
      2387  2181  2192
      2388  2193  2204
      2389  2205  2216
      2390  2217  2228
      2391  2229  2240
      2392  2241  2252
      2393  2253  2264
      2394  2265  2276
      2395  2277  2288
      2396  2289  2300
      2397  2301  2312
      2398  2313  2324
      2399  2325  2336
      2400  2337  2348
      2401  2349  2360
      2402  2361  2372
      2403  2373  2384
      2404  2385  2396
	2405	2409	2410
	2406	2410	2411
	2407	2411	2412
	2408	2412	2413
	2409	2412	2414
	2410	2409	2415
	2411	2409	2416
	2412	2409	2417
	2413	2410	2418
	2414	2414	2419
	2415	2414	2420
	2416	2414	2421
	2417	2422	2423
	2418	2423	2424
	2419	2424	2425
	2420	2425	2426
	2421	2425	2427
	2422	2422	2428
	2423	2422	2429
	2424	2423	2430
	2425	2427	2431
	2426	2427	2432
	2427	2427	2433
	2428	2434	2435
	2429	2435	2436
	2430	2436	2437
	2431	2437	2438
	2432	2437	2439
	2433	2434	2440
	2434	2434	2441
	2435	2435	2442
	2436	2439	2443
	2437	2439	2444
	2438	2439	2445
	2439	2446	2447
	2440	2447	2448
	2441	2448	2449
	2442	2449	2450
	2443	2449	2451
	2444	2446	2452
	2445	2446	2453
	2446	2447	2454
	2447	2451	2455
	2448	2451	2456
	2449	2451	2457
	2450	2458	2459
	2451	2459	2460
	2452	2460	2461
	2453	2461	2462
	2454	2461	2463
	2455	2458	2464
	2456	2458	2465
	2457	2459	2466
	2458	2463	2467
	2459	2463	2468
	2460	2463	2469
	2461	2470	2471
	2462	2471	2472
	2463	2472	2473
	2464	2473	2474
	2465	2473	2475
	2466	2470	2476
	2467	2470	2477
	2468	2471	2478
	2469	2475	2479
	2470	2475	2480
	2471	2475	2481
	2472	2482	2483
	2473	2483	2484
	2474	2484	2485
	2475	2485	2486
	2476	2485	2487
	2477	2482	2488
	2478	2482	2489
	2479	2483	2490
	2480	2487	2491
	2481	2487	2492
	2482	2487	2493
	2483	2494	2495
	2484	2495	2496
	2485	2496	2497
	2486	2497	2498
	2487	2497	2499
	2488	2494	2500
	2489	2494	2501
	2490	2495	2502
	2491	2499	2503
	2492	2499	2504
	2493	2499	2505
	2494	2506	2507
	2495	2507	2508
	2496	2508	2509
	2497	2509	2510
	2498	2509	2511
	2499	2506	2512
	2500	2506	2513
	2501	2507	2514
	2502	2511	2515
	2503	2511	2516
	2504	2511	2517
	2505	2518	2519
	2506	2519	2520
	2507	2520	2521
	2508	2521	2522
	2509	2521	2523
	2510	2518	2524
	2511	2518	2525
	2512	2519	2526
	2513	2523	2527
	2514	2523	2528
	2515	2523	2529
	2516	2530	2531
	2517	2531	2532
	2518	2532	2533
	2519	2533	2534
	2520	2533	2535
	2521	2530	2536
	2522	2530	2537
	2523	2531	2538
	2524	2535	2539
	2525	2535	2540
	2526	2535	2541
	2527	2542	2543
	2528	2543	2544
	2529	2544	2545
	2530	2545	2546
	2531	2545	2547
	2532	2542	2548
	2533	2542	2549
	2534	2543	2550
	2535	2547	2551
	2536	2547	2552
	2537	2547	2553
	2538	2554	2555
	2539	2555	2556
	2540	2556	2557
	2541	2557	2558
	2542	2557	2559
	2543	2554	2560
	2544	2554	2561
	2545	2555	2562
	2546	2559	2563
	2547	2559	2564
	2548	2559	2565
	2549	2566	2567
	2550	2567	2568
	2551	2568	2569
	2552	2569	2570
	2553	2569	2571
	2554	2566	2572
	2555	2566	2573
	2556	2567	2574
	2557	2571	2575
	2558	2571	2576
	2559	2571	2577
	2560	2578	2579
	2561	2579	2580
	2562	2580	2581
	2563	2581	2582
	2564	2581	2583
	2565	2578	2584
	2566	2578	2585
	2567	2579	2586
	2568	2583	2587
	2569	2583	2588
	2570	2583	2589
	2571	2590	2591
	2572	2591	2592
	2573	2592	2593
	2574	2593	2594
	2575	2593	2595
	2576	2590	2596
	2577	2590	2597
	2578	2591	2598
	2579	2595	2599
	2580	2595	2600
	2581	2595	2601
	2582	2602	2603
	2583	2603	2604
	2584	2604	2605
	2585	2605	2606
	2586	2605	2607
	2587	2602	2608
	2588	2602	2609
	2589	2603	2610
	2590	2607	2611
	2591	2607	2612
	2592	2607	2613
	2593	2614	2615
	2594	2615	2616
	2595	2616	2617
	2596	2617	2618
	2597	2617	2619
	2598	2614	2620
	2599	2614	2621
	2600	2615	2622
	2601	2619	2623
	2602	2619	2624
	2603	2619	2625
	2604	2626	2627
	2605	2627	2628
	2606	2628	2629
	2607	2629	2630
	2608	2629	2631
	2609	2626	2632
	2610	2626	2633
	2611	2627	2634
	2612	2631	2635
	2613	2631	2636
	2614	2631	2637
	2615	2638	2639
	2616	2639	2640
	2617	2640	2641
	2618	2641	2642
	2619	2641	2643
	2620	2638	2644
	2621	2638	2645
	2622	2639	2646
	2623	2643	2647
	2624	2643	2648
	2625	2643	2649
	2626	2650	2651
	2627	2651	2652
	2628	2652	2653
	2629	2653	2654
	2630	2653	2655
	2631	2650	2656
	2632	2650	2657
	2633	2651	2658
	2634	2655	2659
	2635	2655	2660
	2636	2655	2661
	2637	2662	2663
	2638	2663	2664
	2639	2664	2665
	2640	2665	2666
	2641	2665	2667
	2642	2662	2668
	2643	2662	2669
	2644	2663	2670
	2645	2667	2671
	2646	2667	2672
	2647	2667	2673
	2648	2674	2675
	2649	2675	2676
	2650	2676	2677
	2651	2677	2678
	2652	2677	2679
	2653	2674	2680
	2654	2674	2681
	2655	2675	2682
	2656	2679	2683
	2657	2679	2684
	2658	2679	2685
	2659	2686	2687
	2660	2687	2688
	2661	2688	2689
	2662	2689	2690
	2663	2689	2691
	2664	2686	2692
	2665	2686	2693
	2666	2687	2694
	2667	2691	2695
	2668	2691	2696
	2669	2691	2697
	2670	2698	2699
	2671	2699	2700
	2672	2700	2701
	2673	2701	2702
	2674	2701	2703
	2675	2698	2704
	2676	2698	2705
	2677	2699	2706
	2678	2703	2707
	2679	2703	2708
	2680	2703	2709
	2681	2710	2711
	2682	2711	2712
	2683	2712	2713
	2684	2713	2714
	2685	2713	2715
	2686	2710	2716
	2687	2710	2717
	2688	2711	2718
	2689	2715	2719
	2690	2715	2720
	2691	2715	2721
	2692	2722	2723
	2693	2723	2724
	2694	2724	2725
	2695	2725	2726
	2696	2725	2727
	2697	2722	2728
	2698	2722	2729
	2699	2723	2730
	2700	2727	2731
	2701	2727	2732
	2702	2727	2733
	2703	2734	2735
	2704	2735	2736
	2705	2736	2737
	2706	2737	2738
	2707	2737	2739
	2708	2734	2740
	2709	2734	2741
	2710	2735	2742
	2711	2739	2743
	2712	2739	2744
	2713	2739	2745
	2714	2746	2747
	2715	2747	2748
	2716	2748	2749
	2717	2749	2750
	2718	2749	2751
	2719	2746	2752
	2720	2746	2753
	2721	2747	2754
	2722	2751	2755
	2723	2751	2756
	2724	2751	2757
	2725	2758	2759
	2726	2759	2760
	2727	2760	2761
	2728	2761	2762
	2729	2761	2763
	2730	2758	2764
	2731	2758	2765
	2732	2759	2766
	2733	2763	2767
	2734	2763	2768
	2735	2763	2769
	2736	2770	2771
	2737	2771	2772
	2738	2772	2773
	2739	2773	2774
	2740	2773	2775
	2741	2770	2776
	2742	2770	2777
	2743	2771	2778
	2744	2775	2779
	2745	2775	2780
	2746	2775	2781
	2747	2782	2783
	2748	2783	2784
	2749	2784	2785
	2750	2785	2786
	2751	2785	2787
	2752	2782	2788
	2753	2782	2789
	2754	2783	2790
	2755	2787	2791
	2756	2787	2792
	2757	2787	2793
	2758	2794	2795
	2759	2795	2796
	2760	2796	2797
	2761	2797	2798
	2762	2797	2799
	2763	2794	2800
	2764	2794	2801
	2765	2795	2802
	2766	2799	2803
	2767	2799	2804
	2768	2799	2805
	2769	2806	2807
	2770	2807	2808
	2771	2808	2809
	2772	2809	2810
	2773	2809	2811
	2774	2806	2812
	2775	2806	2813
	2776	2807	2814
	2777	2811	2815
	2778	2811	2816
	2779	2811	2817
	2780	2818	2819
	2781	2819	2820
	2782	2820	2821
	2783	2821	2822
	2784	2821	2823
	2785	2818	2824
	2786	2818	2825
	2787	2819	2826
	2788	2823	2827
	2789	2823	2828
	2790	2823	2829
	2791	2830	2831
	2792	2831	2832
	2793	2832	2833
	2794	2833	2834
	2795	2833	2835
	2796	2830	2836
	2797	2830	2837
	2798	2831	2838
	2799	2835	2839
	2800	2835	2840
	2801	2835	2841
	2802	2842	2843
	2803	2843	2844
	2804	2844	2845
	2805	2845	2846
	2806	2845	2847
	2807	2842	2848
	2808	2842	2849
	2809	2843	2850
	2810	2847	2851
	2811	2847	2852
	2812	2847	2853
	2813	2854	2855
	2814	2855	2856
	2815	2856	2857
	2816	2857	2858
	2817	2857	2859
	2818	2854	2860
	2819	2854	2861
	2820	2855	2862
	2821	2859	2863
	2822	2859	2864
	2823	2859	2865
	2824	2866	2867
	2825	2867	2868
	2826	2868	2869
	2827	2869	2870
	2828	2869	2871
	2829	2866	2872
	2830	2866	2873
	2831	2867	2874
	2832	2871	2875
	2833	2871	2876
	2834	2871	2877
	2835	2878	2879
	2836	2879	2880
	2837	2880	2881
	2838	2881	2882
	2839	2881	2883
	2840	2878	2884
	2841	2878	2885
	2842	2879	2886
	2843	2883	2887
	2844	2883	2888
	2845	2883	2889
	2846	2890	2891
	2847	2891	2892
	2848	2892	2893
	2849	2893	2894
	2850	2893	2895
	2851	2890	2896
	2852	2890	2897
	2853	2891	2898
	2854	2895	2899
	2855	2895	2900
	2856	2895	2901
	2857	2902	2903
	2858	2903	2904
	2859	2904	2905
	2860	2905	2906
	2861	2905	2907
	2862	2902	2908
	2863	2902	2909
	2864	2903	2910
	2865	2907	2911
	2866	2907	2912
	2867	2907	2913
	2868	2914	2915
	2869	2915	2916
	2870	2916	2917
	2871	2917	2918
	2872	2917	2919
	2873	2914	2920
	2874	2914	2921
	2875	2915	2922
	2876	2919	2923
	2877	2919	2924
	2878	2919	2925
	2879	2926	2927
	2880	2927	2928
	2881	2928	2929
	2882	2929	2930
	2883	2929	2931
	2884	2926	2932
	2885	2926	2933
	2886	2927	2934
	2887	2931	2935
	2888	2931	2936
	2889	2931	2937
	2890	2938	2939
	2891	2939	2940
	2892	2940	2941
	2893	2941	2942
	2894	2941	2943
	2895	2938	2944
	2896	2938	2945
	2897	2939	2946
	2898	2943	2947
	2899	2943	2948
	2900	2943	2949
	2901	2950	2951
	2902	2951	2952
	2903	2952	2953
	2904	2953	2954
	2905	2953	2955
	2906	2950	2956
	2907	2950	2957
	2908	2951	2958
	2909	2955	2959
	2910	2955	2960
	2911	2955	2961
	2912	2962	2963
	2913	2963	2964
	2914	2964	2965
	2915	2965	2966
	2916	2965	2967
	2917	2962	2968
	2918	2962	2969
	2919	2963	2970
	2920	2967	2971
	2921	2967	2972
	2922	2967	2973
	2923	2974	2975
	2924	2975	2976
	2925	2976	2977
	2926	2977	2978
	2927	2977	2979
	2928	2974	2980
	2929	2974	2981
	2930	2975	2982
	2931	2979	2983
	2932	2979	2984
	2933	2979	2985
	2934	2986	2987
	2935	2987	2988
	2936	2988	2989
	2937	2989	2990
	2938	2989	2991
	2939	2986	2992
	2940	2986	2993
	2941	2987	2994
	2942	2991	2995
	2943	2991	2996
	2944	2991	2997
	2945	2998	2999
	2946	2999	3000
	2947	3000	3001
	2948	3001	3002
	2949	3001	3003
	2950	2998	3004
	2951	2998	3005
	2952	2999	3006
	2953	2999	3007
	2954	3003	3008
	2955	3003	3009
	2956	3003	3010
      2957  2410  2422
      2958  2423  2434
      2959  2435  2446
      2960  2447  2458
      2961  2459  2470
      2962  2471  2482
      2963  2483  2494
      2964  2495  2506
      2965  2507  2518
      2966  2519  2530
      2967  2531  2542
      2968  2543  2554
      2969  2555  2566
      2970  2567  2578
      2971  2579  2590
      2972  2591  2602
      2973  2603  2614
      2974  2615  2626
      2975  2627  2638
      2976  2639  2650
      2977  2651  2662
      2978  2663  2674
      2979  2675  2686
      2980  2687  2698
      2981  2699  2710
      2982  2711  2722
      2983  2723  2734
      2984  2735  2746
      2985  2747  2758
      2986  2759  2770
      2987  2771  2782
      2988  2783  2794
      2989  2795  2806
      2990  2807  2818
      2991  2819  2830
      2992  2831  2842
      2993  2843  2854
      2994  2855  2866
      2995  2867  2878
      2996  2879  2890
      2997  2891  2902
      2998  2903  2914
      2999  2915  2926
      3000  2927  2938
      3001  2939  2950
      3002  2951  2962
      3003  2963  2974
      3004  2975  2986
      3005  2987  2998
	3006	3011	3012
	3007	3012	3013
	3008	3013	3014
	3009	3014	3015
	3010	3014	3016
	3011	3011	3017
	3012	3011	3018
	3013	3011	3019
	3014	3012	3020
	3015	3016	3021
	3016	3016	3022
	3017	3016	3023
	3018	3024	3025
	3019	3025	3026
	3020	3026	3027
	3021	3027	3028
	3022	3027	3029
	3023	3024	3030
	3024	3024	3031
	3025	3025	3032
	3026	3029	3033
	3027	3029	3034
	3028	3029	3035
	3029	3036	3037
	3030	3037	3038
	3031	3038	3039
	3032	3039	3040
	3033	3039	3041
	3034	3036	3042
	3035	3036	3043
	3036	3037	3044
	3037	3041	3045
	3038	3041	3046
	3039	3041	3047
	3040	3048	3049
	3041	3049	3050
	3042	3050	3051
	3043	3051	3052
	3044	3051	3053
	3045	3048	3054
	3046	3048	3055
	3047	3049	3056
	3048	3053	3057
	3049	3053	3058
	3050	3053	3059
	3051	3060	3061
	3052	3061	3062
	3053	3062	3063
	3054	3063	3064
	3055	3063	3065
	3056	3060	3066
	3057	3060	3067
	3058	3061	3068
	3059	3065	3069
	3060	3065	3070
	3061	3065	3071
	3062	3072	3073
	3063	3073	3074
	3064	3074	3075
	3065	3075	3076
	3066	3075	3077
	3067	3072	3078
	3068	3072	3079
	3069	3073	3080
	3070	3077	3081
	3071	3077	3082
	3072	3077	3083
	3073	3084	3085
	3074	3085	3086
	3075	3086	3087
	3076	3087	3088
	3077	3087	3089
	3078	3084	3090
	3079	3084	3091
	3080	3085	3092
	3081	3089	3093
	3082	3089	3094
	3083	3089	3095
	3084	3096	3097
	3085	3097	3098
	3086	3098	3099
	3087	3099	3100
	3088	3099	3101
	3089	3096	3102
	3090	3096	3103
	3091	3097	3104
	3092	3101	3105
	3093	3101	3106
	3094	3101	3107
	3095	3108	3109
	3096	3109	3110
	3097	3110	3111
	3098	3111	3112
	3099	3111	3113
	3100	3108	3114
	3101	3108	3115
	3102	3109	3116
	3103	3113	3117
	3104	3113	3118
	3105	3113	3119
	3106	3120	3121
	3107	3121	3122
	3108	3122	3123
	3109	3123	3124
	3110	3123	3125
	3111	3120	3126
	3112	3120	3127
	3113	3121	3128
	3114	3125	3129
	3115	3125	3130
	3116	3125	3131
	3117	3132	3133
	3118	3133	3134
	3119	3134	3135
	3120	3135	3136
	3121	3135	3137
	3122	3132	3138
	3123	3132	3139
	3124	3133	3140
	3125	3137	3141
	3126	3137	3142
	3127	3137	3143
	3128	3144	3145
	3129	3145	3146
	3130	3146	3147
	3131	3147	3148
	3132	3147	3149
	3133	3144	3150
	3134	3144	3151
	3135	3145	3152
	3136	3149	3153
	3137	3149	3154
	3138	3149	3155
	3139	3156	3157
	3140	3157	3158
	3141	3158	3159
	3142	3159	3160
	3143	3159	3161
	3144	3156	3162
	3145	3156	3163
	3146	3157	3164
	3147	3161	3165
	3148	3161	3166
	3149	3161	3167
	3150	3168	3169
	3151	3169	3170
	3152	3170	3171
	3153	3171	3172
	3154	3171	3173
	3155	3168	3174
	3156	3168	3175
	3157	3169	3176
	3158	3173	3177
	3159	3173	3178
	3160	3173	3179
	3161	3180	3181
	3162	3181	3182
	3163	3182	3183
	3164	3183	3184
	3165	3183	3185
	3166	3180	3186
	3167	3180	3187
	3168	3181	3188
	3169	3185	3189
	3170	3185	3190
	3171	3185	3191
	3172	3192	3193
	3173	3193	3194
	3174	3194	3195
	3175	3195	3196
	3176	3195	3197
	3177	3192	3198
	3178	3192	3199
	3179	3193	3200
	3180	3197	3201
	3181	3197	3202
	3182	3197	3203
	3183	3204	3205
	3184	3205	3206
	3185	3206	3207
	3186	3207	3208
	3187	3207	3209
	3188	3204	3210
	3189	3204	3211
	3190	3205	3212
	3191	3209	3213
	3192	3209	3214
	3193	3209	3215
	3194	3216	3217
	3195	3217	3218
	3196	3218	3219
	3197	3219	3220
	3198	3219	3221
	3199	3216	3222
	3200	3216	3223
	3201	3217	3224
	3202	3221	3225
	3203	3221	3226
	3204	3221	3227
	3205	3228	3229
	3206	3229	3230
	3207	3230	3231
	3208	3231	3232
	3209	3231	3233
	3210	3228	3234
	3211	3228	3235
	3212	3229	3236
	3213	3233	3237
	3214	3233	3238
	3215	3233	3239
	3216	3240	3241
	3217	3241	3242
	3218	3242	3243
	3219	3243	3244
	3220	3243	3245
	3221	3240	3246
	3222	3240	3247
	3223	3241	3248
	3224	3245	3249
	3225	3245	3250
	3226	3245	3251
	3227	3252	3253
	3228	3253	3254
	3229	3254	3255
	3230	3255	3256
	3231	3255	3257
	3232	3252	3258
	3233	3252	3259
	3234	3253	3260
	3235	3257	3261
	3236	3257	3262
	3237	3257	3263
	3238	3264	3265
	3239	3265	3266
	3240	3266	3267
	3241	3267	3268
	3242	3267	3269
	3243	3264	3270
	3244	3264	3271
	3245	3265	3272
	3246	3269	3273
	3247	3269	3274
	3248	3269	3275
	3249	3276	3277
	3250	3277	3278
	3251	3278	3279
	3252	3279	3280
	3253	3279	3281
	3254	3276	3282
	3255	3276	3283
	3256	3277	3284
	3257	3281	3285
	3258	3281	3286
	3259	3281	3287
	3260	3288	3289
	3261	3289	3290
	3262	3290	3291
	3263	3291	3292
	3264	3291	3293
	3265	3288	3294
	3266	3288	3295
	3267	3289	3296
	3268	3293	3297
	3269	3293	3298
	3270	3293	3299
	3271	3300	3301
	3272	3301	3302
	3273	3302	3303
	3274	3303	3304
	3275	3303	3305
	3276	3300	3306
	3277	3300	3307
	3278	3301	3308
	3279	3305	3309
	3280	3305	3310
	3281	3305	3311
	3282	3312	3313
	3283	3313	3314
	3284	3314	3315
	3285	3315	3316
	3286	3315	3317
	3287	3312	3318
	3288	3312	3319
	3289	3313	3320
	3290	3317	3321
	3291	3317	3322
	3292	3317	3323
	3293	3324	3325
	3294	3325	3326
	3295	3326	3327
	3296	3327	3328
	3297	3327	3329
	3298	3324	3330
	3299	3324	3331
	3300	3325	3332
	3301	3329	3333
	3302	3329	3334
	3303	3329	3335
	3304	3336	3337
	3305	3337	3338
	3306	3338	3339
	3307	3339	3340
	3308	3339	3341
	3309	3336	3342
	3310	3336	3343
	3311	3337	3344
	3312	3341	3345
	3313	3341	3346
	3314	3341	3347
	3315	3348	3349
	3316	3349	3350
	3317	3350	3351
	3318	3351	3352
	3319	3351	3353
	3320	3348	3354
	3321	3348	3355
	3322	3349	3356
	3323	3353	3357
	3324	3353	3358
	3325	3353	3359
	3326	3360	3361
	3327	3361	3362
	3328	3362	3363
	3329	3363	3364
	3330	3363	3365
	3331	3360	3366
	3332	3360	3367
	3333	3361	3368
	3334	3365	3369
	3335	3365	3370
	3336	3365	3371
	3337	3372	3373
	3338	3373	3374
	3339	3374	3375
	3340	3375	3376
	3341	3375	3377
	3342	3372	3378
	3343	3372	3379
	3344	3373	3380
	3345	3377	3381
	3346	3377	3382
	3347	3377	3383
	3348	3384	3385
	3349	3385	3386
	3350	3386	3387
	3351	3387	3388
	3352	3387	3389
	3353	3384	3390
	3354	3384	3391
	3355	3385	3392
	3356	3389	3393
	3357	3389	3394
	3358	3389	3395
	3359	3396	3397
	3360	3397	3398
	3361	3398	3399
	3362	3399	3400
	3363	3399	3401
	3364	3396	3402
	3365	3396	3403
	3366	3397	3404
	3367	3401	3405
	3368	3401	3406
	3369	3401	3407
	3370	3408	3409
	3371	3409	3410
	3372	3410	3411
	3373	3411	3412
	3374	3411	3413
	3375	3408	3414
	3376	3408	3415
	3377	3409	3416
	3378	3413	3417
	3379	3413	3418
	3380	3413	3419
	3381	3420	3421
	3382	3421	3422
	3383	3422	3423
	3384	3423	3424
	3385	3423	3425
	3386	3420	3426
	3387	3420	3427
	3388	3421	3428
	3389	3425	3429
	3390	3425	3430
	3391	3425	3431
	3392	3432	3433
	3393	3433	3434
	3394	3434	3435
	3395	3435	3436
	3396	3435	3437
	3397	3432	3438
	3398	3432	3439
	3399	3433	3440
	3400	3437	3441
	3401	3437	3442
	3402	3437	3443
	3403	3444	3445
	3404	3445	3446
	3405	3446	3447
	3406	3447	3448
	3407	3447	3449
	3408	3444	3450
	3409	3444	3451
	3410	3445	3452
	3411	3449	3453
	3412	3449	3454
	3413	3449	3455
	3414	3456	3457
	3415	3457	3458
	3416	3458	3459
	3417	3459	3460
	3418	3459	3461
	3419	3456	3462
	3420	3456	3463
	3421	3457	3464
	3422	3461	3465
	3423	3461	3466
	3424	3461	3467
	3425	3468	3469
	3426	3469	3470
	3427	3470	3471
	3428	3471	3472
	3429	3471	3473
	3430	3468	3474
	3431	3468	3475
	3432	3469	3476
	3433	3473	3477
	3434	3473	3478
	3435	3473	3479
	3436	3480	3481
	3437	3481	3482
	3438	3482	3483
	3439	3483	3484
	3440	3483	3485
	3441	3480	3486
	3442	3480	3487
	3443	3481	3488
	3444	3485	3489
	3445	3485	3490
	3446	3485	3491
	3447	3492	3493
	3448	3493	3494
	3449	3494	3495
	3450	3495	3496
	3451	3495	3497
	3452	3492	3498
	3453	3492	3499
	3454	3493	3500
	3455	3497	3501
	3456	3497	3502
	3457	3497	3503
	3458	3504	3505
	3459	3505	3506
	3460	3506	3507
	3461	3507	3508
	3462	3507	3509
	3463	3504	3510
	3464	3504	3511
	3465	3505	3512
	3466	3509	3513
	3467	3509	3514
	3468	3509	3515
	3469	3516	3517
	3470	3517	3518
	3471	3518	3519
	3472	3519	3520
	3473	3519	3521
	3474	3516	3522
	3475	3516	3523
	3476	3517	3524
	3477	3521	3525
	3478	3521	3526
	3479	3521	3527
	3480	3528	3529
	3481	3529	3530
	3482	3530	3531
	3483	3531	3532
	3484	3531	3533
	3485	3528	3534
	3486	3528	3535
	3487	3529	3536
	3488	3533	3537
	3489	3533	3538
	3490	3533	3539
	3491	3540	3541
	3492	3541	3542
	3493	3542	3543
	3494	3543	3544
	3495	3543	3545
	3496	3540	3546
	3497	3540	3547
	3498	3541	3548
	3499	3545	3549
	3500	3545	3550
	3501	3545	3551
	3502	3552	3553
	3503	3553	3554
	3504	3554	3555
	3505	3555	3556
	3506	3555	3557
	3507	3552	3558
	3508	3552	3559
	3509	3553	3560
	3510	3557	3561
	3511	3557	3562
	3512	3557	3563
	3513	3564	3565
	3514	3565	3566
	3515	3566	3567
	3516	3567	3568
	3517	3567	3569
	3518	3564	3570
	3519	3564	3571
	3520	3565	3572
	3521	3569	3573
	3522	3569	3574
	3523	3569	3575
	3524	3576	3577
	3525	3577	3578
	3526	3578	3579
	3527	3579	3580
	3528	3579	3581
	3529	3576	3582
	3530	3576	3583
	3531	3577	3584
	3532	3581	3585
	3533	3581	3586
	3534	3581	3587
	3535	3588	3589
	3536	3589	3590
	3537	3590	3591
	3538	3591	3592
	3539	3591	3593
	3540	3588	3594
	3541	3588	3595
	3542	3589	3596
	3543	3593	3597
	3544	3593	3598
	3545	3593	3599
	3546	3600	3601
	3547	3601	3602
	3548	3602	3603
	3549	3603	3604
	3550	3603	3605
	3551	3600	3606
	3552	3600	3607
	3553	3601	3608
	3554	3601	3609
	3555	3605	3610
	3556	3605	3611
	3557	3605	3612
      3558  3012  3024
      3559  3025  3036
      3560  3037  3048
      3561  3049  3060
      3562  3061  3072
      3563  3073  3084
      3564  3085  3096
      3565  3097  3108
      3566  3109  3120
      3567  3121  3132
      3568  3133  3144
      3569  3145  3156
      3570  3157  3168
      3571  3169  3180
      3572  3181  3192
      3573  3193  3204
      3574  3205  3216
      3575  3217  3228
      3576  3229  3240
      3577  3241  3252
      3578  3253  3264
      3579  3265  3276
      3580  3277  3288
      3581  3289  3300
      3582  3301  3312
      3583  3313  3324
      3584  3325  3336
      3585  3337  3348
      3586  3349  3360
      3587  3361  3372
      3588  3373  3384
      3589  3385  3396
      3590  3397  3408
      3591  3409  3420
      3592  3421  3432
      3593  3433  3444
      3594  3445  3456
      3595  3457  3468
      3596  3469  3480
      3597  3481  3492
      3598  3493  3504
      3599  3505  3516
      3600  3517  3528
      3601  3529  3540
      3602  3541  3552
      3603  3553  3564
      3604  3565  3576
      3605  3577  3588
      3606  3589  3600
	3607	3613	3614
	3608	3614	3615
	3609	3615	3616
	3610	3616	3617
	3611	3616	3618
	3612	3613	3619
	3613	3613	3620
	3614	3613	3621
	3615	3614	3622
	3616	3618	3623
	3617	3618	3624
	3618	3618	3625
	3619	3626	3627
	3620	3627	3628
	3621	3628	3629
	3622	3629	3630
	3623	3629	3631
	3624	3626	3632
	3625	3626	3633
	3626	3627	3634
	3627	3631	3635
	3628	3631	3636
	3629	3631	3637
	3630	3638	3639
	3631	3639	3640
	3632	3640	3641
	3633	3641	3642
	3634	3641	3643
	3635	3638	3644
	3636	3638	3645
	3637	3639	3646
	3638	3643	3647
	3639	3643	3648
	3640	3643	3649
	3641	3650	3651
	3642	3651	3652
	3643	3652	3653
	3644	3653	3654
	3645	3653	3655
	3646	3650	3656
	3647	3650	3657
	3648	3651	3658
	3649	3655	3659
	3650	3655	3660
	3651	3655	3661
	3652	3662	3663
	3653	3663	3664
	3654	3664	3665
	3655	3665	3666
	3656	3665	3667
	3657	3662	3668
	3658	3662	3669
	3659	3663	3670
	3660	3667	3671
	3661	3667	3672
	3662	3667	3673
	3663	3674	3675
	3664	3675	3676
	3665	3676	3677
	3666	3677	3678
	3667	3677	3679
	3668	3674	3680
	3669	3674	3681
	3670	3675	3682
	3671	3679	3683
	3672	3679	3684
	3673	3679	3685
	3674	3686	3687
	3675	3687	3688
	3676	3688	3689
	3677	3689	3690
	3678	3689	3691
	3679	3686	3692
	3680	3686	3693
	3681	3687	3694
	3682	3691	3695
	3683	3691	3696
	3684	3691	3697
	3685	3698	3699
	3686	3699	3700
	3687	3700	3701
	3688	3701	3702
	3689	3701	3703
	3690	3698	3704
	3691	3698	3705
	3692	3699	3706
	3693	3703	3707
	3694	3703	3708
	3695	3703	3709
	3696	3710	3711
	3697	3711	3712
	3698	3712	3713
	3699	3713	3714
	3700	3713	3715
	3701	3710	3716
	3702	3710	3717
	3703	3711	3718
	3704	3715	3719
	3705	3715	3720
	3706	3715	3721
	3707	3722	3723
	3708	3723	3724
	3709	3724	3725
	3710	3725	3726
	3711	3725	3727
	3712	3722	3728
	3713	3722	3729
	3714	3723	3730
	3715	3727	3731
	3716	3727	3732
	3717	3727	3733
	3718	3734	3735
	3719	3735	3736
	3720	3736	3737
	3721	3737	3738
	3722	3737	3739
	3723	3734	3740
	3724	3734	3741
	3725	3735	3742
	3726	3739	3743
	3727	3739	3744
	3728	3739	3745
	3729	3746	3747
	3730	3747	3748
	3731	3748	3749
	3732	3749	3750
	3733	3749	3751
	3734	3746	3752
	3735	3746	3753
	3736	3747	3754
	3737	3751	3755
	3738	3751	3756
	3739	3751	3757
	3740	3758	3759
	3741	3759	3760
	3742	3760	3761
	3743	3761	3762
	3744	3761	3763
	3745	3758	3764
	3746	3758	3765
	3747	3759	3766
	3748	3763	3767
	3749	3763	3768
	3750	3763	3769
	3751	3770	3771
	3752	3771	3772
	3753	3772	3773
	3754	3773	3774
	3755	3773	3775
	3756	3770	3776
	3757	3770	3777
	3758	3771	3778
	3759	3775	3779
	3760	3775	3780
	3761	3775	3781
	3762	3782	3783
	3763	3783	3784
	3764	3784	3785
	3765	3785	3786
	3766	3785	3787
	3767	3782	3788
	3768	3782	3789
	3769	3783	3790
	3770	3787	3791
	3771	3787	3792
	3772	3787	3793
	3773	3794	3795
	3774	3795	3796
	3775	3796	3797
	3776	3797	3798
	3777	3797	3799
	3778	3794	3800
	3779	3794	3801
	3780	3795	3802
	3781	3799	3803
	3782	3799	3804
	3783	3799	3805
	3784	3806	3807
	3785	3807	3808
	3786	3808	3809
	3787	3809	3810
	3788	3809	3811
	3789	3806	3812
	3790	3806	3813
	3791	3807	3814
	3792	3811	3815
	3793	3811	3816
	3794	3811	3817
	3795	3818	3819
	3796	3819	3820
	3797	3820	3821
	3798	3821	3822
	3799	3821	3823
	3800	3818	3824
	3801	3818	3825
	3802	3819	3826
	3803	3823	3827
	3804	3823	3828
	3805	3823	3829
	3806	3830	3831
	3807	3831	3832
	3808	3832	3833
	3809	3833	3834
	3810	3833	3835
	3811	3830	3836
	3812	3830	3837
	3813	3831	3838
	3814	3835	3839
	3815	3835	3840
	3816	3835	3841
	3817	3842	3843
	3818	3843	3844
	3819	3844	3845
	3820	3845	3846
	3821	3845	3847
	3822	3842	3848
	3823	3842	3849
	3824	3843	3850
	3825	3847	3851
	3826	3847	3852
	3827	3847	3853
	3828	3854	3855
	3829	3855	3856
	3830	3856	3857
	3831	3857	3858
	3832	3857	3859
	3833	3854	3860
	3834	3854	3861
	3835	3855	3862
	3836	3859	3863
	3837	3859	3864
	3838	3859	3865
	3839	3866	3867
	3840	3867	3868
	3841	3868	3869
	3842	3869	3870
	3843	3869	3871
	3844	3866	3872
	3845	3866	3873
	3846	3867	3874
	3847	3871	3875
	3848	3871	3876
	3849	3871	3877
	3850	3878	3879
	3851	3879	3880
	3852	3880	3881
	3853	3881	3882
	3854	3881	3883
	3855	3878	3884
	3856	3878	3885
	3857	3879	3886
	3858	3883	3887
	3859	3883	3888
	3860	3883	3889
	3861	3890	3891
	3862	3891	3892
	3863	3892	3893
	3864	3893	3894
	3865	3893	3895
	3866	3890	3896
	3867	3890	3897
	3868	3891	3898
	3869	3895	3899
	3870	3895	3900
	3871	3895	3901
	3872	3902	3903
	3873	3903	3904
	3874	3904	3905
	3875	3905	3906
	3876	3905	3907
	3877	3902	3908
	3878	3902	3909
	3879	3903	3910
	3880	3907	3911
	3881	3907	3912
	3882	3907	3913
	3883	3914	3915
	3884	3915	3916
	3885	3916	3917
	3886	3917	3918
	3887	3917	3919
	3888	3914	3920
	3889	3914	3921
	3890	3915	3922
	3891	3919	3923
	3892	3919	3924
	3893	3919	3925
	3894	3926	3927
	3895	3927	3928
	3896	3928	3929
	3897	3929	3930
	3898	3929	3931
	3899	3926	3932
	3900	3926	3933
	3901	3927	3934
	3902	3931	3935
	3903	3931	3936
	3904	3931	3937
	3905	3938	3939
	3906	3939	3940
	3907	3940	3941
	3908	3941	3942
	3909	3941	3943
	3910	3938	3944
	3911	3938	3945
	3912	3939	3946
	3913	3943	3947
	3914	3943	3948
	3915	3943	3949
	3916	3950	3951
	3917	3951	3952
	3918	3952	3953
	3919	3953	3954
	3920	3953	3955
	3921	3950	3956
	3922	3950	3957
	3923	3951	3958
	3924	3955	3959
	3925	3955	3960
	3926	3955	3961
	3927	3962	3963
	3928	3963	3964
	3929	3964	3965
	3930	3965	3966
	3931	3965	3967
	3932	3962	3968
	3933	3962	3969
	3934	3963	3970
	3935	3967	3971
	3936	3967	3972
	3937	3967	3973
	3938	3974	3975
	3939	3975	3976
	3940	3976	3977
	3941	3977	3978
	3942	3977	3979
	3943	3974	3980
	3944	3974	3981
	3945	3975	3982
	3946	3979	3983
	3947	3979	3984
	3948	3979	3985
	3949	3986	3987
	3950	3987	3988
	3951	3988	3989
	3952	3989	3990
	3953	3989	3991
	3954	3986	3992
	3955	3986	3993
	3956	3987	3994
	3957	3991	3995
	3958	3991	3996
	3959	3991	3997
	3960	3998	3999
	3961	3999	4000
	3962	4000	4001
	3963	4001	4002
	3964	4001	4003
	3965	3998	4004
	3966	3998	4005
	3967	3999	4006
	3968	4003	4007
	3969	4003	4008
	3970	4003	4009
	3971	4010	4011
	3972	4011	4012
	3973	4012	4013
	3974	4013	4014
	3975	4013	4015
	3976	4010	4016
	3977	4010	4017
	3978	4011	4018
	3979	4015	4019
	3980	4015	4020
	3981	4015	4021
	3982	4022	4023
	3983	4023	4024
	3984	4024	4025
	3985	4025	4026
	3986	4025	4027
	3987	4022	4028
	3988	4022	4029
	3989	4023	4030
	3990	4027	4031
	3991	4027	4032
	3992	4027	4033
	3993	4034	4035
	3994	4035	4036
	3995	4036	4037
	3996	4037	4038
	3997	4037	4039
	3998	4034	4040
	3999	4034	4041
	4000	4035	4042
	4001	4039	4043
	4002	4039	4044
	4003	4039	4045
	4004	4046	4047
	4005	4047	4048
	4006	4048	4049
	4007	4049	4050
	4008	4049	4051
	4009	4046	4052
	4010	4046	4053
	4011	4047	4054
	4012	4051	4055
	4013	4051	4056
	4014	4051	4057
	4015	4058	4059
	4016	4059	4060
	4017	4060	4061
	4018	4061	4062
	4019	4061	4063
	4020	4058	4064
	4021	4058	4065
	4022	4059	4066
	4023	4063	4067
	4024	4063	4068
	4025	4063	4069
	4026	4070	4071
	4027	4071	4072
	4028	4072	4073
	4029	4073	4074
	4030	4073	4075
	4031	4070	4076
	4032	4070	4077
	4033	4071	4078
	4034	4075	4079
	4035	4075	4080
	4036	4075	4081
	4037	4082	4083
	4038	4083	4084
	4039	4084	4085
	4040	4085	4086
	4041	4085	4087
	4042	4082	4088
	4043	4082	4089
	4044	4083	4090
	4045	4087	4091
	4046	4087	4092
	4047	4087	4093
	4048	4094	4095
	4049	4095	4096
	4050	4096	4097
	4051	4097	4098
	4052	4097	4099
	4053	4094	4100
	4054	4094	4101
	4055	4095	4102
	4056	4099	4103
	4057	4099	4104
	4058	4099	4105
	4059	4106	4107
	4060	4107	4108
	4061	4108	4109
	4062	4109	4110
	4063	4109	4111
	4064	4106	4112
	4065	4106	4113
	4066	4107	4114
	4067	4111	4115
	4068	4111	4116
	4069	4111	4117
	4070	4118	4119
	4071	4119	4120
	4072	4120	4121
	4073	4121	4122
	4074	4121	4123
	4075	4118	4124
	4076	4118	4125
	4077	4119	4126
	4078	4123	4127
	4079	4123	4128
	4080	4123	4129
	4081	4130	4131
	4082	4131	4132
	4083	4132	4133
	4084	4133	4134
	4085	4133	4135
	4086	4130	4136
	4087	4130	4137
	4088	4131	4138
	4089	4135	4139
	4090	4135	4140
	4091	4135	4141
	4092	4142	4143
	4093	4143	4144
	4094	4144	4145
	4095	4145	4146
	4096	4145	4147
	4097	4142	4148
	4098	4142	4149
	4099	4143	4150
	4100	4147	4151
	4101	4147	4152
	4102	4147	4153
	4103	4154	4155
	4104	4155	4156
	4105	4156	4157
	4106	4157	4158
	4107	4157	4159
	4108	4154	4160
	4109	4154	4161
	4110	4155	4162
	4111	4159	4163
	4112	4159	4164
	4113	4159	4165
	4114	4166	4167
	4115	4167	4168
	4116	4168	4169
	4117	4169	4170
	4118	4169	4171
	4119	4166	4172
	4120	4166	4173
	4121	4167	4174
	4122	4171	4175
	4123	4171	4176
	4124	4171	4177
	4125	4178	4179
	4126	4179	4180
	4127	4180	4181
	4128	4181	4182
	4129	4181	4183
	4130	4178	4184
	4131	4178	4185
	4132	4179	4186
	4133	4183	4187
	4134	4183	4188
	4135	4183	4189
	4136	4190	4191
	4137	4191	4192
	4138	4192	4193
	4139	4193	4194
	4140	4193	4195
	4141	4190	4196
	4142	4190	4197
	4143	4191	4198
	4144	4195	4199
	4145	4195	4200
	4146	4195	4201
	4147	4202	4203
	4148	4203	4204
	4149	4204	4205
	4150	4205	4206
	4151	4205	4207
	4152	4202	4208
	4153	4202	4209
	4154	4203	4210
	4155	4203	4211
	4156	4207	4212
	4157	4207	4213
	4158	4207	4214
      4159  3614  3626
      4160  3627  3638
      4161  3639  3650
      4162  3651  3662
      4163  3663  3674
      4164  3675  3686
      4165  3687  3698
      4166  3699  3710
      4167  3711  3722
      4168  3723  3734
      4169  3735  3746
      4170  3747  3758
      4171  3759  3770
      4172  3771  3782
      4173  3783  3794
      4174  3795  3806
      4175  3807  3818
      4176  3819  3830
      4177  3831  3842
      4178  3843  3854
      4179  3855  3866
      4180  3867  3878
      4181  3879  3890
      4182  3891  3902
      4183  3903  3914
      4184  3915  3926
      4185  3927  3938
      4186  3939  3950
      4187  3951  3962
      4188  3963  3974
      4189  3975  3986
      4190  3987  3998
      4191  3999  4010
      4192  4011  4022
      4193  4023  4034
      4194  4035  4046
      4195  4047  4058
      4196  4059  4070
      4197  4071  4082
      4198  4083  4094
      4199  4095  4106
      4200  4107  4118
      4201  4119  4130
      4202  4131  4142
      4203  4143  4154
      4204  4155  4166
      4205  4167  4178
      4206  4179  4190
      4207  4191  4202
	4208	4215	4216
	4209	4216	4217
	4210	4217	4218
	4211	4218	4219
	4212	4218	4220
	4213	4215	4221
	4214	4215	4222
	4215	4215	4223
	4216	4216	4224
	4217	4220	4225
	4218	4220	4226
	4219	4220	4227
	4220	4228	4229
	4221	4229	4230
	4222	4230	4231
	4223	4231	4232
	4224	4231	4233
	4225	4228	4234
	4226	4228	4235
	4227	4229	4236
	4228	4233	4237
	4229	4233	4238
	4230	4233	4239
	4231	4240	4241
	4232	4241	4242
	4233	4242	4243
	4234	4243	4244
	4235	4243	4245
	4236	4240	4246
	4237	4240	4247
	4238	4241	4248
	4239	4245	4249
	4240	4245	4250
	4241	4245	4251
	4242	4252	4253
	4243	4253	4254
	4244	4254	4255
	4245	4255	4256
	4246	4255	4257
	4247	4252	4258
	4248	4252	4259
	4249	4253	4260
	4250	4257	4261
	4251	4257	4262
	4252	4257	4263
	4253	4264	4265
	4254	4265	4266
	4255	4266	4267
	4256	4267	4268
	4257	4267	4269
	4258	4264	4270
	4259	4264	4271
	4260	4265	4272
	4261	4269	4273
	4262	4269	4274
	4263	4269	4275
	4264	4276	4277
	4265	4277	4278
	4266	4278	4279
	4267	4279	4280
	4268	4279	4281
	4269	4276	4282
	4270	4276	4283
	4271	4277	4284
	4272	4281	4285
	4273	4281	4286
	4274	4281	4287
	4275	4288	4289
	4276	4289	4290
	4277	4290	4291
	4278	4291	4292
	4279	4291	4293
	4280	4288	4294
	4281	4288	4295
	4282	4289	4296
	4283	4293	4297
	4284	4293	4298
	4285	4293	4299
	4286	4300	4301
	4287	4301	4302
	4288	4302	4303
	4289	4303	4304
	4290	4303	4305
	4291	4300	4306
	4292	4300	4307
	4293	4301	4308
	4294	4305	4309
	4295	4305	4310
	4296	4305	4311
	4297	4312	4313
	4298	4313	4314
	4299	4314	4315
	4300	4315	4316
	4301	4315	4317
	4302	4312	4318
	4303	4312	4319
	4304	4313	4320
	4305	4317	4321
	4306	4317	4322
	4307	4317	4323
	4308	4324	4325
	4309	4325	4326
	4310	4326	4327
	4311	4327	4328
	4312	4327	4329
	4313	4324	4330
	4314	4324	4331
	4315	4325	4332
	4316	4329	4333
	4317	4329	4334
	4318	4329	4335
	4319	4336	4337
	4320	4337	4338
	4321	4338	4339
	4322	4339	4340
	4323	4339	4341
	4324	4336	4342
	4325	4336	4343
	4326	4337	4344
	4327	4341	4345
	4328	4341	4346
	4329	4341	4347
	4330	4348	4349
	4331	4349	4350
	4332	4350	4351
	4333	4351	4352
	4334	4351	4353
	4335	4348	4354
	4336	4348	4355
	4337	4349	4356
	4338	4353	4357
	4339	4353	4358
	4340	4353	4359
	4341	4360	4361
	4342	4361	4362
	4343	4362	4363
	4344	4363	4364
	4345	4363	4365
	4346	4360	4366
	4347	4360	4367
	4348	4361	4368
	4349	4365	4369
	4350	4365	4370
	4351	4365	4371
	4352	4372	4373
	4353	4373	4374
	4354	4374	4375
	4355	4375	4376
	4356	4375	4377
	4357	4372	4378
	4358	4372	4379
	4359	4373	4380
	4360	4377	4381
	4361	4377	4382
	4362	4377	4383
	4363	4384	4385
	4364	4385	4386
	4365	4386	4387
	4366	4387	4388
	4367	4387	4389
	4368	4384	4390
	4369	4384	4391
	4370	4385	4392
	4371	4389	4393
	4372	4389	4394
	4373	4389	4395
	4374	4396	4397
	4375	4397	4398
	4376	4398	4399
	4377	4399	4400
	4378	4399	4401
	4379	4396	4402
	4380	4396	4403
	4381	4397	4404
	4382	4401	4405
	4383	4401	4406
	4384	4401	4407
	4385	4408	4409
	4386	4409	4410
	4387	4410	4411
	4388	4411	4412
	4389	4411	4413
	4390	4408	4414
	4391	4408	4415
	4392	4409	4416
	4393	4413	4417
	4394	4413	4418
	4395	4413	4419
	4396	4420	4421
	4397	4421	4422
	4398	4422	4423
	4399	4423	4424
	4400	4423	4425
	4401	4420	4426
	4402	4420	4427
	4403	4421	4428
	4404	4425	4429
	4405	4425	4430
	4406	4425	4431
	4407	4432	4433
	4408	4433	4434
	4409	4434	4435
	4410	4435	4436
	4411	4435	4437
	4412	4432	4438
	4413	4432	4439
	4414	4433	4440
	4415	4437	4441
	4416	4437	4442
	4417	4437	4443
	4418	4444	4445
	4419	4445	4446
	4420	4446	4447
	4421	4447	4448
	4422	4447	4449
	4423	4444	4450
	4424	4444	4451
	4425	4445	4452
	4426	4449	4453
	4427	4449	4454
	4428	4449	4455
	4429	4456	4457
	4430	4457	4458
	4431	4458	4459
	4432	4459	4460
	4433	4459	4461
	4434	4456	4462
	4435	4456	4463
	4436	4457	4464
	4437	4461	4465
	4438	4461	4466
	4439	4461	4467
	4440	4468	4469
	4441	4469	4470
	4442	4470	4471
	4443	4471	4472
	4444	4471	4473
	4445	4468	4474
	4446	4468	4475
	4447	4469	4476
	4448	4473	4477
	4449	4473	4478
	4450	4473	4479
	4451	4480	4481
	4452	4481	4482
	4453	4482	4483
	4454	4483	4484
	4455	4483	4485
	4456	4480	4486
	4457	4480	4487
	4458	4481	4488
	4459	4485	4489
	4460	4485	4490
	4461	4485	4491
	4462	4492	4493
	4463	4493	4494
	4464	4494	4495
	4465	4495	4496
	4466	4495	4497
	4467	4492	4498
	4468	4492	4499
	4469	4493	4500
	4470	4497	4501
	4471	4497	4502
	4472	4497	4503
	4473	4504	4505
	4474	4505	4506
	4475	4506	4507
	4476	4507	4508
	4477	4507	4509
	4478	4504	4510
	4479	4504	4511
	4480	4505	4512
	4481	4509	4513
	4482	4509	4514
	4483	4509	4515
	4484	4516	4517
	4485	4517	4518
	4486	4518	4519
	4487	4519	4520
	4488	4519	4521
	4489	4516	4522
	4490	4516	4523
	4491	4517	4524
	4492	4521	4525
	4493	4521	4526
	4494	4521	4527
	4495	4528	4529
	4496	4529	4530
	4497	4530	4531
	4498	4531	4532
	4499	4531	4533
	4500	4528	4534
	4501	4528	4535
	4502	4529	4536
	4503	4533	4537
	4504	4533	4538
	4505	4533	4539
	4506	4540	4541
	4507	4541	4542
	4508	4542	4543
	4509	4543	4544
	4510	4543	4545
	4511	4540	4546
	4512	4540	4547
	4513	4541	4548
	4514	4545	4549
	4515	4545	4550
	4516	4545	4551
	4517	4552	4553
	4518	4553	4554
	4519	4554	4555
	4520	4555	4556
	4521	4555	4557
	4522	4552	4558
	4523	4552	4559
	4524	4553	4560
	4525	4557	4561
	4526	4557	4562
	4527	4557	4563
	4528	4564	4565
	4529	4565	4566
	4530	4566	4567
	4531	4567	4568
	4532	4567	4569
	4533	4564	4570
	4534	4564	4571
	4535	4565	4572
	4536	4569	4573
	4537	4569	4574
	4538	4569	4575
	4539	4576	4577
	4540	4577	4578
	4541	4578	4579
	4542	4579	4580
	4543	4579	4581
	4544	4576	4582
	4545	4576	4583
	4546	4577	4584
	4547	4581	4585
	4548	4581	4586
	4549	4581	4587
	4550	4588	4589
	4551	4589	4590
	4552	4590	4591
	4553	4591	4592
	4554	4591	4593
	4555	4588	4594
	4556	4588	4595
	4557	4589	4596
	4558	4593	4597
	4559	4593	4598
	4560	4593	4599
	4561	4600	4601
	4562	4601	4602
	4563	4602	4603
	4564	4603	4604
	4565	4603	4605
	4566	4600	4606
	4567	4600	4607
	4568	4601	4608
	4569	4605	4609
	4570	4605	4610
	4571	4605	4611
	4572	4612	4613
	4573	4613	4614
	4574	4614	4615
	4575	4615	4616
	4576	4615	4617
	4577	4612	4618
	4578	4612	4619
	4579	4613	4620
	4580	4617	4621
	4581	4617	4622
	4582	4617	4623
	4583	4624	4625
	4584	4625	4626
	4585	4626	4627
	4586	4627	4628
	4587	4627	4629
	4588	4624	4630
	4589	4624	4631
	4590	4625	4632
	4591	4629	4633
	4592	4629	4634
	4593	4629	4635
	4594	4636	4637
	4595	4637	4638
	4596	4638	4639
	4597	4639	4640
	4598	4639	4641
	4599	4636	4642
	4600	4636	4643
	4601	4637	4644
	4602	4641	4645
	4603	4641	4646
	4604	4641	4647
	4605	4648	4649
	4606	4649	4650
	4607	4650	4651
	4608	4651	4652
	4609	4651	4653
	4610	4648	4654
	4611	4648	4655
	4612	4649	4656
	4613	4653	4657
	4614	4653	4658
	4615	4653	4659
	4616	4660	4661
	4617	4661	4662
	4618	4662	4663
	4619	4663	4664
	4620	4663	4665
	4621	4660	4666
	4622	4660	4667
	4623	4661	4668
	4624	4665	4669
	4625	4665	4670
	4626	4665	4671
	4627	4672	4673
	4628	4673	4674
	4629	4674	4675
	4630	4675	4676
	4631	4675	4677
	4632	4672	4678
	4633	4672	4679
	4634	4673	4680
	4635	4677	4681
	4636	4677	4682
	4637	4677	4683
	4638	4684	4685
	4639	4685	4686
	4640	4686	4687
	4641	4687	4688
	4642	4687	4689
	4643	4684	4690
	4644	4684	4691
	4645	4685	4692
	4646	4689	4693
	4647	4689	4694
	4648	4689	4695
	4649	4696	4697
	4650	4697	4698
	4651	4698	4699
	4652	4699	4700
	4653	4699	4701
	4654	4696	4702
	4655	4696	4703
	4656	4697	4704
	4657	4701	4705
	4658	4701	4706
	4659	4701	4707
	4660	4708	4709
	4661	4709	4710
	4662	4710	4711
	4663	4711	4712
	4664	4711	4713
	4665	4708	4714
	4666	4708	4715
	4667	4709	4716
	4668	4713	4717
	4669	4713	4718
	4670	4713	4719
	4671	4720	4721
	4672	4721	4722
	4673	4722	4723
	4674	4723	4724
	4675	4723	4725
	4676	4720	4726
	4677	4720	4727
	4678	4721	4728
	4679	4725	4729
	4680	4725	4730
	4681	4725	4731
	4682	4732	4733
	4683	4733	4734
	4684	4734	4735
	4685	4735	4736
	4686	4735	4737
	4687	4732	4738
	4688	4732	4739
	4689	4733	4740
	4690	4737	4741
	4691	4737	4742
	4692	4737	4743
	4693	4744	4745
	4694	4745	4746
	4695	4746	4747
	4696	4747	4748
	4697	4747	4749
	4698	4744	4750
	4699	4744	4751
	4700	4745	4752
	4701	4749	4753
	4702	4749	4754
	4703	4749	4755
	4704	4756	4757
	4705	4757	4758
	4706	4758	4759
	4707	4759	4760
	4708	4759	4761
	4709	4756	4762
	4710	4756	4763
	4711	4757	4764
	4712	4761	4765
	4713	4761	4766
	4714	4761	4767
	4715	4768	4769
	4716	4769	4770
	4717	4770	4771
	4718	4771	4772
	4719	4771	4773
	4720	4768	4774
	4721	4768	4775
	4722	4769	4776
	4723	4773	4777
	4724	4773	4778
	4725	4773	4779
	4726	4780	4781
	4727	4781	4782
	4728	4782	4783
	4729	4783	4784
	4730	4783	4785
	4731	4780	4786
	4732	4780	4787
	4733	4781	4788
	4734	4785	4789
	4735	4785	4790
	4736	4785	4791
	4737	4792	4793
	4738	4793	4794
	4739	4794	4795
	4740	4795	4796
	4741	4795	4797
	4742	4792	4798
	4743	4792	4799
	4744	4793	4800
	4745	4797	4801
	4746	4797	4802
	4747	4797	4803
	4748	4804	4805
	4749	4805	4806
	4750	4806	4807
	4751	4807	4808
	4752	4807	4809
	4753	4804	4810
	4754	4804	4811
	4755	4805	4812
	4756	4805	4813
	4757	4809	4814
	4758	4809	4815
	4759	4809	4816
      4760  4216  4228
      4761  4229  4240
      4762  4241  4252
      4763  4253  4264
      4764  4265  4276
      4765  4277  4288
      4766  4289  4300
      4767  4301  4312
      4768  4313  4324
      4769  4325  4336
      4770  4337  4348
      4771  4349  4360
      4772  4361  4372
      4773  4373  4384
      4774  4385  4396
      4775  4397  4408
      4776  4409  4420
      4777  4421  4432
      4778  4433  4444
      4779  4445  4456
      4780  4457  4468
      4781  4469  4480
      4782  4481  4492
      4783  4493  4504
      4784  4505  4516
      4785  4517  4528
      4786  4529  4540
      4787  4541  4552
      4788  4553  4564
      4789  4565  4576
      4790  4577  4588
      4791  4589  4600
      4792  4601  4612
      4793  4613  4624
      4794  4625  4636
      4795  4637  4648
      4796  4649  4660
      4797  4661  4672
      4798  4673  4684
      4799  4685  4696
      4800  4697  4708
      4801  4709  4720
      4802  4721  4732
      4803  4733  4744
      4804  4745  4756
      4805  4757  4768
      4806  4769  4780
      4807  4781  4792
      4808  4793  4804
	4809	4817	4818
	4810	4818	4819
	4811	4819	4820
	4812	4820	4821
	4813	4820	4822
	4814	4817	4823
	4815	4817	4824
	4816	4817	4825
	4817	4818	4826
	4818	4822	4827
	4819	4822	4828
	4820	4822	4829
	4821	4830	4831
	4822	4831	4832
	4823	4832	4833
	4824	4833	4834
	4825	4833	4835
	4826	4830	4836
	4827	4830	4837
	4828	4831	4838
	4829	4835	4839
	4830	4835	4840
	4831	4835	4841
	4832	4842	4843
	4833	4843	4844
	4834	4844	4845
	4835	4845	4846
	4836	4845	4847
	4837	4842	4848
	4838	4842	4849
	4839	4843	4850
	4840	4847	4851
	4841	4847	4852
	4842	4847	4853
	4843	4854	4855
	4844	4855	4856
	4845	4856	4857
	4846	4857	4858
	4847	4857	4859
	4848	4854	4860
	4849	4854	4861
	4850	4855	4862
	4851	4859	4863
	4852	4859	4864
	4853	4859	4865
	4854	4866	4867
	4855	4867	4868
	4856	4868	4869
	4857	4869	4870
	4858	4869	4871
	4859	4866	4872
	4860	4866	4873
	4861	4867	4874
	4862	4871	4875
	4863	4871	4876
	4864	4871	4877
	4865	4878	4879
	4866	4879	4880
	4867	4880	4881
	4868	4881	4882
	4869	4881	4883
	4870	4878	4884
	4871	4878	4885
	4872	4879	4886
	4873	4883	4887
	4874	4883	4888
	4875	4883	4889
	4876	4890	4891
	4877	4891	4892
	4878	4892	4893
	4879	4893	4894
	4880	4893	4895
	4881	4890	4896
	4882	4890	4897
	4883	4891	4898
	4884	4895	4899
	4885	4895	4900
	4886	4895	4901
	4887	4902	4903
	4888	4903	4904
	4889	4904	4905
	4890	4905	4906
	4891	4905	4907
	4892	4902	4908
	4893	4902	4909
	4894	4903	4910
	4895	4907	4911
	4896	4907	4912
	4897	4907	4913
	4898	4914	4915
	4899	4915	4916
	4900	4916	4917
	4901	4917	4918
	4902	4917	4919
	4903	4914	4920
	4904	4914	4921
	4905	4915	4922
	4906	4919	4923
	4907	4919	4924
	4908	4919	4925
	4909	4926	4927
	4910	4927	4928
	4911	4928	4929
	4912	4929	4930
	4913	4929	4931
	4914	4926	4932
	4915	4926	4933
	4916	4927	4934
	4917	4931	4935
	4918	4931	4936
	4919	4931	4937
	4920	4938	4939
	4921	4939	4940
	4922	4940	4941
	4923	4941	4942
	4924	4941	4943
	4925	4938	4944
	4926	4938	4945
	4927	4939	4946
	4928	4943	4947
	4929	4943	4948
	4930	4943	4949
	4931	4950	4951
	4932	4951	4952
	4933	4952	4953
	4934	4953	4954
	4935	4953	4955
	4936	4950	4956
	4937	4950	4957
	4938	4951	4958
	4939	4955	4959
	4940	4955	4960
	4941	4955	4961
	4942	4962	4963
	4943	4963	4964
	4944	4964	4965
	4945	4965	4966
	4946	4965	4967
	4947	4962	4968
	4948	4962	4969
	4949	4963	4970
	4950	4967	4971
	4951	4967	4972
	4952	4967	4973
	4953	4974	4975
	4954	4975	4976
	4955	4976	4977
	4956	4977	4978
	4957	4977	4979
	4958	4974	4980
	4959	4974	4981
	4960	4975	4982
	4961	4979	4983
	4962	4979	4984
	4963	4979	4985
	4964	4986	4987
	4965	4987	4988
	4966	4988	4989
	4967	4989	4990
	4968	4989	4991
	4969	4986	4992
	4970	4986	4993
	4971	4987	4994
	4972	4991	4995
	4973	4991	4996
	4974	4991	4997
	4975	4998	4999
	4976	4999	5000
	4977	5000	5001
	4978	5001	5002
	4979	5001	5003
	4980	4998	5004
	4981	4998	5005
	4982	4999	5006
	4983	5003	5007
	4984	5003	5008
	4985	5003	5009
	4986	5010	5011
	4987	5011	5012
	4988	5012	5013
	4989	5013	5014
	4990	5013	5015
	4991	5010	5016
	4992	5010	5017
	4993	5011	5018
	4994	5015	5019
	4995	5015	5020
	4996	5015	5021
	4997	5022	5023
	4998	5023	5024
	4999	5024	5025
	5000	5025	5026
	5001	5025	5027
	5002	5022	5028
	5003	5022	5029
	5004	5023	5030
	5005	5027	5031
	5006	5027	5032
	5007	5027	5033
	5008	5034	5035
	5009	5035	5036
	5010	5036	5037
	5011	5037	5038
	5012	5037	5039
	5013	5034	5040
	5014	5034	5041
	5015	5035	5042
	5016	5039	5043
	5017	5039	5044
	5018	5039	5045
	5019	5046	5047
	5020	5047	5048
	5021	5048	5049
	5022	5049	5050
	5023	5049	5051
	5024	5046	5052
	5025	5046	5053
	5026	5047	5054
	5027	5051	5055
	5028	5051	5056
	5029	5051	5057
	5030	5058	5059
	5031	5059	5060
	5032	5060	5061
	5033	5061	5062
	5034	5061	5063
	5035	5058	5064
	5036	5058	5065
	5037	5059	5066
	5038	5063	5067
	5039	5063	5068
	5040	5063	5069
	5041	5070	5071
	5042	5071	5072
	5043	5072	5073
	5044	5073	5074
	5045	5073	5075
	5046	5070	5076
	5047	5070	5077
	5048	5071	5078
	5049	5075	5079
	5050	5075	5080
	5051	5075	5081
	5052	5082	5083
	5053	5083	5084
	5054	5084	5085
	5055	5085	5086
	5056	5085	5087
	5057	5082	5088
	5058	5082	5089
	5059	5083	5090
	5060	5087	5091
	5061	5087	5092
	5062	5087	5093
	5063	5094	5095
	5064	5095	5096
	5065	5096	5097
	5066	5097	5098
	5067	5097	5099
	5068	5094	5100
	5069	5094	5101
	5070	5095	5102
	5071	5099	5103
	5072	5099	5104
	5073	5099	5105
	5074	5106	5107
	5075	5107	5108
	5076	5108	5109
	5077	5109	5110
	5078	5109	5111
	5079	5106	5112
	5080	5106	5113
	5081	5107	5114
	5082	5111	5115
	5083	5111	5116
	5084	5111	5117
	5085	5118	5119
	5086	5119	5120
	5087	5120	5121
	5088	5121	5122
	5089	5121	5123
	5090	5118	5124
	5091	5118	5125
	5092	5119	5126
	5093	5123	5127
	5094	5123	5128
	5095	5123	5129
	5096	5130	5131
	5097	5131	5132
	5098	5132	5133
	5099	5133	5134
	5100	5133	5135
	5101	5130	5136
	5102	5130	5137
	5103	5131	5138
	5104	5135	5139
	5105	5135	5140
	5106	5135	5141
	5107	5142	5143
	5108	5143	5144
	5109	5144	5145
	5110	5145	5146
	5111	5145	5147
	5112	5142	5148
	5113	5142	5149
	5114	5143	5150
	5115	5147	5151
	5116	5147	5152
	5117	5147	5153
	5118	5154	5155
	5119	5155	5156
	5120	5156	5157
	5121	5157	5158
	5122	5157	5159
	5123	5154	5160
	5124	5154	5161
	5125	5155	5162
	5126	5159	5163
	5127	5159	5164
	5128	5159	5165
	5129	5166	5167
	5130	5167	5168
	5131	5168	5169
	5132	5169	5170
	5133	5169	5171
	5134	5166	5172
	5135	5166	5173
	5136	5167	5174
	5137	5171	5175
	5138	5171	5176
	5139	5171	5177
	5140	5178	5179
	5141	5179	5180
	5142	5180	5181
	5143	5181	5182
	5144	5181	5183
	5145	5178	5184
	5146	5178	5185
	5147	5179	5186
	5148	5183	5187
	5149	5183	5188
	5150	5183	5189
	5151	5190	5191
	5152	5191	5192
	5153	5192	5193
	5154	5193	5194
	5155	5193	5195
	5156	5190	5196
	5157	5190	5197
	5158	5191	5198
	5159	5195	5199
	5160	5195	5200
	5161	5195	5201
	5162	5202	5203
	5163	5203	5204
	5164	5204	5205
	5165	5205	5206
	5166	5205	5207
	5167	5202	5208
	5168	5202	5209
	5169	5203	5210
	5170	5207	5211
	5171	5207	5212
	5172	5207	5213
	5173	5214	5215
	5174	5215	5216
	5175	5216	5217
	5176	5217	5218
	5177	5217	5219
	5178	5214	5220
	5179	5214	5221
	5180	5215	5222
	5181	5219	5223
	5182	5219	5224
	5183	5219	5225
	5184	5226	5227
	5185	5227	5228
	5186	5228	5229
	5187	5229	5230
	5188	5229	5231
	5189	5226	5232
	5190	5226	5233
	5191	5227	5234
	5192	5231	5235
	5193	5231	5236
	5194	5231	5237
	5195	5238	5239
	5196	5239	5240
	5197	5240	5241
	5198	5241	5242
	5199	5241	5243
	5200	5238	5244
	5201	5238	5245
	5202	5239	5246
	5203	5243	5247
	5204	5243	5248
	5205	5243	5249
	5206	5250	5251
	5207	5251	5252
	5208	5252	5253
	5209	5253	5254
	5210	5253	5255
	5211	5250	5256
	5212	5250	5257
	5213	5251	5258
	5214	5255	5259
	5215	5255	5260
	5216	5255	5261
	5217	5262	5263
	5218	5263	5264
	5219	5264	5265
	5220	5265	5266
	5221	5265	5267
	5222	5262	5268
	5223	5262	5269
	5224	5263	5270
	5225	5267	5271
	5226	5267	5272
	5227	5267	5273
	5228	5274	5275
	5229	5275	5276
	5230	5276	5277
	5231	5277	5278
	5232	5277	5279
	5233	5274	5280
	5234	5274	5281
	5235	5275	5282
	5236	5279	5283
	5237	5279	5284
	5238	5279	5285
	5239	5286	5287
	5240	5287	5288
	5241	5288	5289
	5242	5289	5290
	5243	5289	5291
	5244	5286	5292
	5245	5286	5293
	5246	5287	5294
	5247	5291	5295
	5248	5291	5296
	5249	5291	5297
	5250	5298	5299
	5251	5299	5300
	5252	5300	5301
	5253	5301	5302
	5254	5301	5303
	5255	5298	5304
	5256	5298	5305
	5257	5299	5306
	5258	5303	5307
	5259	5303	5308
	5260	5303	5309
	5261	5310	5311
	5262	5311	5312
	5263	5312	5313
	5264	5313	5314
	5265	5313	5315
	5266	5310	5316
	5267	5310	5317
	5268	5311	5318
	5269	5315	5319
	5270	5315	5320
	5271	5315	5321
	5272	5322	5323
	5273	5323	5324
	5274	5324	5325
	5275	5325	5326
	5276	5325	5327
	5277	5322	5328
	5278	5322	5329
	5279	5323	5330
	5280	5327	5331
	5281	5327	5332
	5282	5327	5333
	5283	5334	5335
	5284	5335	5336
	5285	5336	5337
	5286	5337	5338
	5287	5337	5339
	5288	5334	5340
	5289	5334	5341
	5290	5335	5342
	5291	5339	5343
	5292	5339	5344
	5293	5339	5345
	5294	5346	5347
	5295	5347	5348
	5296	5348	5349
	5297	5349	5350
	5298	5349	5351
	5299	5346	5352
	5300	5346	5353
	5301	5347	5354
	5302	5351	5355
	5303	5351	5356
	5304	5351	5357
	5305	5358	5359
	5306	5359	5360
	5307	5360	5361
	5308	5361	5362
	5309	5361	5363
	5310	5358	5364
	5311	5358	5365
	5312	5359	5366
	5313	5363	5367
	5314	5363	5368
	5315	5363	5369
	5316	5370	5371
	5317	5371	5372
	5318	5372	5373
	5319	5373	5374
	5320	5373	5375
	5321	5370	5376
	5322	5370	5377
	5323	5371	5378
	5324	5375	5379
	5325	5375	5380
	5326	5375	5381
	5327	5382	5383
	5328	5383	5384
	5329	5384	5385
	5330	5385	5386
	5331	5385	5387
	5332	5382	5388
	5333	5382	5389
	5334	5383	5390
	5335	5387	5391
	5336	5387	5392
	5337	5387	5393
	5338	5394	5395
	5339	5395	5396
	5340	5396	5397
	5341	5397	5398
	5342	5397	5399
	5343	5394	5400
	5344	5394	5401
	5345	5395	5402
	5346	5399	5403
	5347	5399	5404
	5348	5399	5405
	5349	5406	5407
	5350	5407	5408
	5351	5408	5409
	5352	5409	5410
	5353	5409	5411
	5354	5406	5412
	5355	5406	5413
	5356	5407	5414
	5357	5407	5415
	5358	5411	5416
	5359	5411	5417
	5360	5411	5418
      5361  4818  4830
      5362  4831  4842
      5363  4843  4854
      5364  4855  4866
      5365  4867  4878
      5366  4879  4890
      5367  4891  4902
      5368  4903  4914
      5369  4915  4926
      5370  4927  4938
      5371  4939  4950
      5372  4951  4962
      5373  4963  4974
      5374  4975  4986
      5375  4987  4998
      5376  4999  5010
      5377  5011  5022
      5378  5023  5034
      5379  5035  5046
      5380  5047  5058
      5381  5059  5070
      5382  5071  5082
      5383  5083  5094
      5384  5095  5106
      5385  5107  5118
      5386  5119  5130
      5387  5131  5142
      5388  5143  5154
      5389  5155  5166
      5390  5167  5178
      5391  5179  5190
      5392  5191  5202
      5393  5203  5214
      5394  5215  5226
      5395  5227  5238
      5396  5239  5250
      5397  5251  5262
      5398  5263  5274
      5399  5275  5286
      5400  5287  5298
      5401  5299  5310
      5402  5311  5322
      5403  5323  5334
      5404  5335  5346
      5405  5347  5358
      5406  5359  5370
      5407  5371  5382
      5408  5383  5394
      5409  5395  5406
	5410	5419	5420
	5411	5420	5421
	5412	5421	5422
	5413	5422	5423
	5414	5422	5424
	5415	5419	5425
	5416	5419	5426
	5417	5419	5427
	5418	5420	5428
	5419	5424	5429
	5420	5424	5430
	5421	5424	5431
	5422	5432	5433
	5423	5433	5434
	5424	5434	5435
	5425	5435	5436
	5426	5435	5437
	5427	5432	5438
	5428	5432	5439
	5429	5433	5440
	5430	5437	5441
	5431	5437	5442
	5432	5437	5443
	5433	5444	5445
	5434	5445	5446
	5435	5446	5447
	5436	5447	5448
	5437	5447	5449
	5438	5444	5450
	5439	5444	5451
	5440	5445	5452
	5441	5449	5453
	5442	5449	5454
	5443	5449	5455
	5444	5456	5457
	5445	5457	5458
	5446	5458	5459
	5447	5459	5460
	5448	5459	5461
	5449	5456	5462
	5450	5456	5463
	5451	5457	5464
	5452	5461	5465
	5453	5461	5466
	5454	5461	5467
	5455	5468	5469
	5456	5469	5470
	5457	5470	5471
	5458	5471	5472
	5459	5471	5473
	5460	5468	5474
	5461	5468	5475
	5462	5469	5476
	5463	5473	5477
	5464	5473	5478
	5465	5473	5479
	5466	5480	5481
	5467	5481	5482
	5468	5482	5483
	5469	5483	5484
	5470	5483	5485
	5471	5480	5486
	5472	5480	5487
	5473	5481	5488
	5474	5485	5489
	5475	5485	5490
	5476	5485	5491
	5477	5492	5493
	5478	5493	5494
	5479	5494	5495
	5480	5495	5496
	5481	5495	5497
	5482	5492	5498
	5483	5492	5499
	5484	5493	5500
	5485	5497	5501
	5486	5497	5502
	5487	5497	5503
	5488	5504	5505
	5489	5505	5506
	5490	5506	5507
	5491	5507	5508
	5492	5507	5509
	5493	5504	5510
	5494	5504	5511
	5495	5505	5512
	5496	5509	5513
	5497	5509	5514
	5498	5509	5515
	5499	5516	5517
	5500	5517	5518
	5501	5518	5519
	5502	5519	5520
	5503	5519	5521
	5504	5516	5522
	5505	5516	5523
	5506	5517	5524
	5507	5521	5525
	5508	5521	5526
	5509	5521	5527
	5510	5528	5529
	5511	5529	5530
	5512	5530	5531
	5513	5531	5532
	5514	5531	5533
	5515	5528	5534
	5516	5528	5535
	5517	5529	5536
	5518	5533	5537
	5519	5533	5538
	5520	5533	5539
	5521	5540	5541
	5522	5541	5542
	5523	5542	5543
	5524	5543	5544
	5525	5543	5545
	5526	5540	5546
	5527	5540	5547
	5528	5541	5548
	5529	5545	5549
	5530	5545	5550
	5531	5545	5551
	5532	5552	5553
	5533	5553	5554
	5534	5554	5555
	5535	5555	5556
	5536	5555	5557
	5537	5552	5558
	5538	5552	5559
	5539	5553	5560
	5540	5557	5561
	5541	5557	5562
	5542	5557	5563
	5543	5564	5565
	5544	5565	5566
	5545	5566	5567
	5546	5567	5568
	5547	5567	5569
	5548	5564	5570
	5549	5564	5571
	5550	5565	5572
	5551	5569	5573
	5552	5569	5574
	5553	5569	5575
	5554	5576	5577
	5555	5577	5578
	5556	5578	5579
	5557	5579	5580
	5558	5579	5581
	5559	5576	5582
	5560	5576	5583
	5561	5577	5584
	5562	5581	5585
	5563	5581	5586
	5564	5581	5587
	5565	5588	5589
	5566	5589	5590
	5567	5590	5591
	5568	5591	5592
	5569	5591	5593
	5570	5588	5594
	5571	5588	5595
	5572	5589	5596
	5573	5593	5597
	5574	5593	5598
	5575	5593	5599
	5576	5600	5601
	5577	5601	5602
	5578	5602	5603
	5579	5603	5604
	5580	5603	5605
	5581	5600	5606
	5582	5600	5607
	5583	5601	5608
	5584	5605	5609
	5585	5605	5610
	5586	5605	5611
	5587	5612	5613
	5588	5613	5614
	5589	5614	5615
	5590	5615	5616
	5591	5615	5617
	5592	5612	5618
	5593	5612	5619
	5594	5613	5620
	5595	5617	5621
	5596	5617	5622
	5597	5617	5623
	5598	5624	5625
	5599	5625	5626
	5600	5626	5627
	5601	5627	5628
	5602	5627	5629
	5603	5624	5630
	5604	5624	5631
	5605	5625	5632
	5606	5629	5633
	5607	5629	5634
	5608	5629	5635
	5609	5636	5637
	5610	5637	5638
	5611	5638	5639
	5612	5639	5640
	5613	5639	5641
	5614	5636	5642
	5615	5636	5643
	5616	5637	5644
	5617	5641	5645
	5618	5641	5646
	5619	5641	5647
	5620	5648	5649
	5621	5649	5650
	5622	5650	5651
	5623	5651	5652
	5624	5651	5653
	5625	5648	5654
	5626	5648	5655
	5627	5649	5656
	5628	5653	5657
	5629	5653	5658
	5630	5653	5659
	5631	5660	5661
	5632	5661	5662
	5633	5662	5663
	5634	5663	5664
	5635	5663	5665
	5636	5660	5666
	5637	5660	5667
	5638	5661	5668
	5639	5665	5669
	5640	5665	5670
	5641	5665	5671
	5642	5672	5673
	5643	5673	5674
	5644	5674	5675
	5645	5675	5676
	5646	5675	5677
	5647	5672	5678
	5648	5672	5679
	5649	5673	5680
	5650	5677	5681
	5651	5677	5682
	5652	5677	5683
	5653	5684	5685
	5654	5685	5686
	5655	5686	5687
	5656	5687	5688
	5657	5687	5689
	5658	5684	5690
	5659	5684	5691
	5660	5685	5692
	5661	5689	5693
	5662	5689	5694
	5663	5689	5695
	5664	5696	5697
	5665	5697	5698
	5666	5698	5699
	5667	5699	5700
	5668	5699	5701
	5669	5696	5702
	5670	5696	5703
	5671	5697	5704
	5672	5701	5705
	5673	5701	5706
	5674	5701	5707
	5675	5708	5709
	5676	5709	5710
	5677	5710	5711
	5678	5711	5712
	5679	5711	5713
	5680	5708	5714
	5681	5708	5715
	5682	5709	5716
	5683	5713	5717
	5684	5713	5718
	5685	5713	5719
	5686	5720	5721
	5687	5721	5722
	5688	5722	5723
	5689	5723	5724
	5690	5723	5725
	5691	5720	5726
	5692	5720	5727
	5693	5721	5728
	5694	5725	5729
	5695	5725	5730
	5696	5725	5731
	5697	5732	5733
	5698	5733	5734
	5699	5734	5735
	5700	5735	5736
	5701	5735	5737
	5702	5732	5738
	5703	5732	5739
	5704	5733	5740
	5705	5737	5741
	5706	5737	5742
	5707	5737	5743
	5708	5744	5745
	5709	5745	5746
	5710	5746	5747
	5711	5747	5748
	5712	5747	5749
	5713	5744	5750
	5714	5744	5751
	5715	5745	5752
	5716	5749	5753
	5717	5749	5754
	5718	5749	5755
	5719	5756	5757
	5720	5757	5758
	5721	5758	5759
	5722	5759	5760
	5723	5759	5761
	5724	5756	5762
	5725	5756	5763
	5726	5757	5764
	5727	5761	5765
	5728	5761	5766
	5729	5761	5767
	5730	5768	5769
	5731	5769	5770
	5732	5770	5771
	5733	5771	5772
	5734	5771	5773
	5735	5768	5774
	5736	5768	5775
	5737	5769	5776
	5738	5773	5777
	5739	5773	5778
	5740	5773	5779
	5741	5780	5781
	5742	5781	5782
	5743	5782	5783
	5744	5783	5784
	5745	5783	5785
	5746	5780	5786
	5747	5780	5787
	5748	5781	5788
	5749	5785	5789
	5750	5785	5790
	5751	5785	5791
	5752	5792	5793
	5753	5793	5794
	5754	5794	5795
	5755	5795	5796
	5756	5795	5797
	5757	5792	5798
	5758	5792	5799
	5759	5793	5800
	5760	5797	5801
	5761	5797	5802
	5762	5797	5803
	5763	5804	5805
	5764	5805	5806
	5765	5806	5807
	5766	5807	5808
	5767	5807	5809
	5768	5804	5810
	5769	5804	5811
	5770	5805	5812
	5771	5809	5813
	5772	5809	5814
	5773	5809	5815
	5774	5816	5817
	5775	5817	5818
	5776	5818	5819
	5777	5819	5820
	5778	5819	5821
	5779	5816	5822
	5780	5816	5823
	5781	5817	5824
	5782	5821	5825
	5783	5821	5826
	5784	5821	5827
	5785	5828	5829
	5786	5829	5830
	5787	5830	5831
	5788	5831	5832
	5789	5831	5833
	5790	5828	5834
	5791	5828	5835
	5792	5829	5836
	5793	5833	5837
	5794	5833	5838
	5795	5833	5839
	5796	5840	5841
	5797	5841	5842
	5798	5842	5843
	5799	5843	5844
	5800	5843	5845
	5801	5840	5846
	5802	5840	5847
	5803	5841	5848
	5804	5845	5849
	5805	5845	5850
	5806	5845	5851
	5807	5852	5853
	5808	5853	5854
	5809	5854	5855
	5810	5855	5856
	5811	5855	5857
	5812	5852	5858
	5813	5852	5859
	5814	5853	5860
	5815	5857	5861
	5816	5857	5862
	5817	5857	5863
	5818	5864	5865
	5819	5865	5866
	5820	5866	5867
	5821	5867	5868
	5822	5867	5869
	5823	5864	5870
	5824	5864	5871
	5825	5865	5872
	5826	5869	5873
	5827	5869	5874
	5828	5869	5875
	5829	5876	5877
	5830	5877	5878
	5831	5878	5879
	5832	5879	5880
	5833	5879	5881
	5834	5876	5882
	5835	5876	5883
	5836	5877	5884
	5837	5881	5885
	5838	5881	5886
	5839	5881	5887
	5840	5888	5889
	5841	5889	5890
	5842	5890	5891
	5843	5891	5892
	5844	5891	5893
	5845	5888	5894
	5846	5888	5895
	5847	5889	5896
	5848	5893	5897
	5849	5893	5898
	5850	5893	5899
	5851	5900	5901
	5852	5901	5902
	5853	5902	5903
	5854	5903	5904
	5855	5903	5905
	5856	5900	5906
	5857	5900	5907
	5858	5901	5908
	5859	5905	5909
	5860	5905	5910
	5861	5905	5911
	5862	5912	5913
	5863	5913	5914
	5864	5914	5915
	5865	5915	5916
	5866	5915	5917
	5867	5912	5918
	5868	5912	5919
	5869	5913	5920
	5870	5917	5921
	5871	5917	5922
	5872	5917	5923
	5873	5924	5925
	5874	5925	5926
	5875	5926	5927
	5876	5927	5928
	5877	5927	5929
	5878	5924	5930
	5879	5924	5931
	5880	5925	5932
	5881	5929	5933
	5882	5929	5934
	5883	5929	5935
	5884	5936	5937
	5885	5937	5938
	5886	5938	5939
	5887	5939	5940
	5888	5939	5941
	5889	5936	5942
	5890	5936	5943
	5891	5937	5944
	5892	5941	5945
	5893	5941	5946
	5894	5941	5947
	5895	5948	5949
	5896	5949	5950
	5897	5950	5951
	5898	5951	5952
	5899	5951	5953
	5900	5948	5954
	5901	5948	5955
	5902	5949	5956
	5903	5953	5957
	5904	5953	5958
	5905	5953	5959
	5906	5960	5961
	5907	5961	5962
	5908	5962	5963
	5909	5963	5964
	5910	5963	5965
	5911	5960	5966
	5912	5960	5967
	5913	5961	5968
	5914	5965	5969
	5915	5965	5970
	5916	5965	5971
	5917	5972	5973
	5918	5973	5974
	5919	5974	5975
	5920	5975	5976
	5921	5975	5977
	5922	5972	5978
	5923	5972	5979
	5924	5973	5980
	5925	5977	5981
	5926	5977	5982
	5927	5977	5983
	5928	5984	5985
	5929	5985	5986
	5930	5986	5987
	5931	5987	5988
	5932	5987	5989
	5933	5984	5990
	5934	5984	5991
	5935	5985	5992
	5936	5989	5993
	5937	5989	5994
	5938	5989	5995
	5939	5996	5997
	5940	5997	5998
	5941	5998	5999
	5942	5999	6000
	5943	5999	6001
	5944	5996	6002
	5945	5996	6003
	5946	5997	6004
	5947	6001	6005
	5948	6001	6006
	5949	6001	6007
	5950	6008	6009
	5951	6009	6010
	5952	6010	6011
	5953	6011	6012
	5954	6011	6013
	5955	6008	6014
	5956	6008	6015
	5957	6009	6016
	5958	6009	6017
	5959	6013	6018
	5960	6013	6019
	5961	6013	6020
      5962  5420  5432
      5963  5433  5444
      5964  5445  5456
      5965  5457  5468
      5966  5469  5480
      5967  5481  5492
      5968  5493  5504
      5969  5505  5516
      5970  5517  5528
      5971  5529  5540
      5972  5541  5552
      5973  5553  5564
      5974  5565  5576
      5975  5577  5588
      5976  5589  5600
      5977  5601  5612
      5978  5613  5624
      5979  5625  5636
      5980  5637  5648
      5981  5649  5660
      5982  5661  5672
      5983  5673  5684
      5984  5685  5696
      5985  5697  5708
      5986  5709  5720
      5987  5721  5732
      5988  5733  5744
      5989  5745  5756
      5990  5757  5768
      5991  5769  5780
      5992  5781  5792
      5993  5793  5804
      5994  5805  5816
      5995  5817  5828
      5996  5829  5840
      5997  5841  5852
      5998  5853  5864
      5999  5865  5876
      6000  5877  5888
      6001  5889  5900
      6002  5901  5912
      6003  5913  5924
      6004  5925  5936
      6005  5937  5948
      6006  5949  5960
      6007  5961  5972
      6008  5973  5984
      6009  5985  5996
      6010  5997  6008
