    1 5 4 1
    2 5 4 2
    3 5 4 8
    4 5 4 9
    5 1 4 6
    6 2 4 6
    7 8 4 6
    8 9 4 6
    9 5 4 6
    10 1 1 6
    11 1 2 6
    12 1 8 6
    13 1 9 6
    14 2 1 6
    15 2 2 6
    16 2 8 6
    17 2 9 6
    18 8 1 6
    19 8 2 6
    20 8 8 6
    21 8 9 6
    22 9 1 6
    23 9 2 6
    24 9 8 6
    25 9 9 6
    26 3 1 3
    27 3 1 7
    28 3 2 3
    29 3 2 7
    30 3 8 3
    31 3 8 7
    32 3 9 3
    33 3 9 7
    34 7 1 3
    35 7 1 7
    36 7 2 3
    37 7 2 7
    38 7 8 3
    39 7 8 7
    40 7 9 3
    41 7 9 7
    42 4 1 3
    43 4 1 7
    44 4 2 3
    45 4 2 7
    46 4 8 3
    47 4 8 7
    48 4 9 3
    49 4 9 7
    50 6 1 3
    51 6 1 7
    52 6 2 3
    53 6 2 7
    54 6 8 3
    55 6 8 7
    56 6 9 3
    57 6 9 7
    58 1 1 3
    59 1 1 7
    60 1 2 3
    61 1 2 7
    62 1 8 3
    63 1 8 7
    64 1 9 3
    65 1 9 7
    66 2 1 3
    67 2 1 7
    68 2 2 3
    69 2 2 7
    70 2 8 3
    71 2 8 7
    72 2 9 3
    73 2 9 7
    74 8 1 3
    75 8 1 7
    76 8 2 3
    77 8 2 7
    78 8 8 3
    79 8 8 7
    80 8 9 3
    81 8 9 7
    82 9 1 3
    83 9 1 7
    84 9 2 3
    85 9 2 7
    86 9 8 3
    87 9 8 7
    88 9 9 3
    89 9 9 7
    90 4 6 1
    91 4 6 2
    92 4 6 8
    93 4 6 9
