    1 5 4 1 3
    2 5 4 1 7
    3 5 4 2 3
    4 5 4 2 7
    5 5 4 8 3
    6 5 4 8 7
    7 5 4 9 3
    8 5 4 9 7
    9 6 4 1 3
    10 6 4 1 7
    11 6 4 2 3
    12 6 4 2 7
    13 6 4 8 3
    14 6 4 8 7
    15 6 4 9 3
    16 6 4 9 7
    17 5 4 6 1
    18 5 4 6 2
    19 5 4 6 8
    20 5 4 6 9
    21 1 4 6 1
    22 1 4 6 2
    23 1 4 6 8
    24 1 4 6 9
    25 2 4 6 1
    26 2 4 6 2
    27 2 4 6 8
    28 2 4 6 9
    29 8 4 6 1
    30 8 4 6 2
    31 8 4 6 8
    32 8 4 6 9
    33 9 4 6 1
    34 9 4 6 2
    35 9 4 6 8
    36 9 4 6 9
    37 6 1 1 3
    38 6 1 1 7
    39 6 1 2 3
    40 6 1 2 7
    41 6 1 8 3
    42 6 1 8 7
    43 6 1 9 3
    44 6 1 9 7
    45 6 2 1 3
    46 6 2 1 7
    47 6 2 2 3
    48 6 2 2 7
    49 6 2 8 3
    50 6 2 8 7
    51 6 2 9 3
    52 6 2 9 7
    53 6 8 1 3
    54 6 8 1 7
    55 6 8 2 3
    56 6 8 2 7
    57 6 8 8 3
    58 6 8 8 7
    59 6 8 9 3
    60 6 8 9 7
    61 6 9 1 3
    62 6 9 1 7
    63 6 9 2 3
    64 6 9 2 7
    65 6 9 8 3
    66 6 9 8 7
    67 6 9 9 3
    68 6 9 9 7
    69 3 1 1 3
    70 3 1 1 7
    71 3 1 2 3
    72 3 1 2 7
    73 3 1 8 3
    74 3 1 8 7
    75 3 1 9 3
    76 3 1 9 7
    77 3 2 1 3
    78 3 2 1 7
    79 3 2 2 3
    80 3 2 2 7
    81 3 2 8 3
    82 3 2 8 7
    83 3 2 9 3
    84 3 2 9 7
    85 3 8 1 3
    86 3 8 1 7
    87 3 8 2 3
    88 3 8 2 7
    89 3 8 8 3
    90 3 8 8 7
    91 3 8 9 3
    92 3 8 9 7
    93 3 9 1 3
    94 3 9 1 7
    95 3 9 2 3
    96 3 9 2 7
    97 3 9 8 3
    98 3 9 8 7
    99 3 9 9 3
    100 3 9 9 7
    101 7 1 1 3
    102 7 1 1 7
    103 7 1 2 3
    104 7 1 2 7
    105 7 1 8 3
    106 7 1 8 7
    107 7 1 9 3
    108 7 1 9 7
    109 7 2 1 3
    110 7 2 1 7
    111 7 2 2 3
    112 7 2 2 7
    113 7 2 8 3
    114 7 2 8 7
    115 7 2 9 3
    116 7 2 9 7
    117 7 8 1 3
    118 7 8 1 7
    119 7 8 2 3
    120 7 8 2 7
    121 7 8 8 3
    122 7 8 8 7
    123 7 8 9 3
    124 7 8 9 7
    125 7 9 1 3
    126 7 9 1 7
    127 7 9 2 3
    128 7 9 2 7
    129 7 9 8 3
    130 7 9 8 7
    131 7 9 9 3
    132 7 9 9 7
    133 1 1 6 4
    134 1 2 6 4
    135 1 8 6 4
    136 1 9 6 4
    137 2 1 6 4
    138 2 2 6 4
    139 2 8 6 4
    140 2 9 6 4
    141 8 1 6 4
    142 8 2 6 4
    143 8 8 6 4
    144 8 9 6 4
    145 9 1 6 4
    146 9 2 6 4
    147 9 8 6 4
    148 9 9 6 4
    149 3 1 6 4
    150 3 2 6 4
    151 3 8 6 4
    152 3 9 6 4
    153 7 1 6 4
    154 7 2 6 4
    155 7 8 6 4
    156 7 9 6 4
