1 2 1 3 7
2 2 1 3 8
3 2 143 145 149
4 2 143 145 150
5 2 285 287 291
6 2 285 287 292
7 2 427 429 433
8 2 427 429 434
9 2 569 571 575
10 2 569 571 576
11 2 3 1 4
12 2 3 1 5
13 2 3 1 6
14 2 145 143 146
15 2 145 143 147
16 2 145 143 148
17 2 287 285 288
18 2 287 285 289
19 2 287 285 290
20 2 429 427 430
21 2 429 427 431
22 2 429 427 432
23 2 571 569 572
24 2 571 569 573
25 2 571 569 574
26 2 9 11 14
27 2 9 11 15
28 2 11 9 12
29 2 11 9 13
30 2 16 18 21
31 2 16 18 22
32 2 18 16 19
33 2 18 16 20
34 2 23 25 28
35 2 23 25 29
36 2 25 23 26
37 2 25 23 27
38 2 30 32 35
39 2 30 32 36
40 2 32 30 33
41 2 32 30 34
42 2 37 39 42
43 2 37 39 43
44 2 39 37 40
45 2 39 37 41
46 2 44 46 49
47 2 44 46 50
48 2 46 44 47
49 2 46 44 48
50 2 51 53 56
51 2 51 53 57
52 2 53 51 54
53 2 53 51 55
54 2 58 60 63
55 2 58 60 64
56 2 60 58 61
57 2 60 58 62
58 2 65 67 70
59 2 65 67 71
60 2 67 65 68
61 2 67 65 69
62 2 72 74 77
63 2 72 74 78
64 2 74 72 75
65 2 74 72 76
66 2 79 81 84
67 2 79 81 85
68 2 81 79 82
69 2 81 79 83
70 2 86 88 91
71 2 86 88 92
72 2 88 86 89
73 2 88 86 90
74 2 93 95 98
75 2 93 95 99
76 2 95 93 96
77 2 95 93 97
78 2 100 102 105
79 2 100 102 106
80 2 102 100 103
81 2 102 100 104
82 2 107 109 112
83 2 107 109 113
84 2 109 107 110
85 2 109 107 111
86 2 114 116 119
87 2 114 116 120
88 2 116 114 117
89 2 116 114 118
90 2 121 123 126
91 2 121 123 127
92 2 123 121 124
93 2 123 121 125
94 2 128 130 133
95 2 128 130 134
96 2 130 128 131
97 2 130 128 132
98 2 151 153 156
99 2 151 153 157
100 2 153 151 154
101 2 153 151 155
102 2 158 160 163
103 2 158 160 164
104 2 160 158 161
105 2 160 158 162
106 2 165 167 170
107 2 165 167 171
108 2 167 165 168
109 2 167 165 169
110 2 172 174 177
111 2 172 174 178
112 2 174 172 175
113 2 174 172 176
114 2 179 181 184
115 2 179 181 185
116 2 181 179 182
117 2 181 179 183
118 2 186 188 191
119 2 186 188 192
120 2 188 186 189
121 2 188 186 190
122 2 193 195 198
123 2 193 195 199
124 2 195 193 196
125 2 195 193 197
126 2 200 202 205
127 2 200 202 206
128 2 202 200 203
129 2 202 200 204
130 2 207 209 212
131 2 207 209 213
132 2 209 207 210
133 2 209 207 211
134 2 214 216 219
135 2 214 216 220
136 2 216 214 217
137 2 216 214 218
138 2 221 223 226
139 2 221 223 227
140 2 223 221 224
141 2 223 221 225
142 2 228 230 233
143 2 228 230 234
144 2 230 228 231
145 2 230 228 232
146 2 235 237 240
147 2 235 237 241
148 2 237 235 238
149 2 237 235 239
150 2 242 244 247
151 2 242 244 248
152 2 244 242 245
153 2 244 242 246
154 2 249 251 254
155 2 249 251 255
156 2 251 249 252
157 2 251 249 253
158 2 256 258 261
159 2 256 258 262
160 2 258 256 259
161 2 258 256 260
162 2 263 265 268
163 2 263 265 269
164 2 265 263 266
165 2 265 263 267
166 2 270 272 275
167 2 270 272 276
168 2 272 270 273
169 2 272 270 274
170 2 293 295 298
171 2 293 295 299
172 2 295 293 296
173 2 295 293 297
174 2 300 302 305
175 2 300 302 306
176 2 302 300 303
177 2 302 300 304
178 2 307 309 312
179 2 307 309 313
180 2 309 307 310
181 2 309 307 311
182 2 314 316 319
183 2 314 316 320
184 2 316 314 317
185 2 316 314 318
186 2 321 323 326
187 2 321 323 327
188 2 323 321 324
189 2 323 321 325
190 2 328 330 333
191 2 328 330 334
192 2 330 328 331
193 2 330 328 332
194 2 335 337 340
195 2 335 337 341
196 2 337 335 338
197 2 337 335 339
198 2 342 344 347
199 2 342 344 348
200 2 344 342 345
201 2 344 342 346
202 2 349 351 354
203 2 349 351 355
204 2 351 349 352
205 2 351 349 353
206 2 356 358 361
207 2 356 358 362
208 2 358 356 359
209 2 358 356 360
210 2 363 365 368
211 2 363 365 369
212 2 365 363 366
213 2 365 363 367
214 2 370 372 375
215 2 370 372 376
216 2 372 370 373
217 2 372 370 374
218 2 377 379 382
219 2 377 379 383
220 2 379 377 380
221 2 379 377 381
222 2 384 386 389
223 2 384 386 390
224 2 386 384 387
225 2 386 384 388
226 2 391 393 396
227 2 391 393 397
228 2 393 391 394
229 2 393 391 395
230 2 398 400 403
231 2 398 400 404
232 2 400 398 401
233 2 400 398 402
234 2 405 407 410
235 2 405 407 411
236 2 407 405 408
237 2 407 405 409
238 2 412 414 417
239 2 412 414 418
240 2 414 412 415
241 2 414 412 416
242 2 435 437 440
243 2 435 437 441
244 2 437 435 438
245 2 437 435 439
246 2 442 444 447
247 2 442 444 448
248 2 444 442 445
249 2 444 442 446
250 2 449 451 454
251 2 449 451 455
252 2 451 449 452
253 2 451 449 453
254 2 456 458 461
255 2 456 458 462
256 2 458 456 459
257 2 458 456 460
258 2 463 465 468
259 2 463 465 469
260 2 465 463 466
261 2 465 463 467
262 2 470 472 475
263 2 470 472 476
264 2 472 470 473
265 2 472 470 474
266 2 477 479 482
267 2 477 479 483
268 2 479 477 480
269 2 479 477 481
270 2 484 486 489
271 2 484 486 490
272 2 486 484 487
273 2 486 484 488
274 2 491 493 496
275 2 491 493 497
276 2 493 491 494
277 2 493 491 495
278 2 498 500 503
279 2 498 500 504
280 2 500 498 501
281 2 500 498 502
282 2 505 507 510
283 2 505 507 511
284 2 507 505 508
285 2 507 505 509
286 2 512 514 517
287 2 512 514 518
288 2 514 512 515
289 2 514 512 516
290 2 519 521 524
291 2 519 521 525
292 2 521 519 522
293 2 521 519 523
294 2 526 528 531
295 2 526 528 532
296 2 528 526 529
297 2 528 526 530
298 2 533 535 538
299 2 533 535 539
300 2 535 533 536
301 2 535 533 537
302 2 540 542 545
303 2 540 542 546
304 2 542 540 543
305 2 542 540 544
306 2 547 549 552
307 2 547 549 553
308 2 549 547 550
309 2 549 547 551
310 2 554 556 559
311 2 554 556 560
312 2 556 554 557
313 2 556 554 558
314 2 577 579 582
315 2 577 579 583
316 2 579 577 580
317 2 579 577 581
318 2 584 586 589
319 2 584 586 590
320 2 586 584 587
321 2 586 584 588
322 2 591 593 596
323 2 591 593 597
324 2 593 591 594
325 2 593 591 595
326 2 598 600 603
327 2 598 600 604
328 2 600 598 601
329 2 600 598 602
330 2 605 607 610
331 2 605 607 611
332 2 607 605 608
333 2 607 605 609
334 2 612 614 617
335 2 612 614 618
336 2 614 612 615
337 2 614 612 616
338 2 619 621 624
339 2 619 621 625
340 2 621 619 622
341 2 621 619 623
342 2 626 628 631
343 2 626 628 632
344 2 628 626 629
345 2 628 626 630
346 2 633 635 638
347 2 633 635 639
348 2 635 633 636
349 2 635 633 637
350 2 640 642 645
351 2 640 642 646
352 2 642 640 643
353 2 642 640 644
354 2 647 649 652
355 2 647 649 653
356 2 649 647 650
357 2 649 647 651
358 2 654 656 659
359 2 654 656 660
360 2 656 654 657
361 2 656 654 658
362 2 661 663 666
363 2 661 663 667
364 2 663 661 664
365 2 663 661 665
366 2 668 670 673
367 2 668 670 674
368 2 670 668 671
369 2 670 668 672
370 2 675 677 680
371 2 675 677 681
372 2 677 675 678
373 2 677 675 679
374 2 682 684 687
375 2 682 684 688
376 2 684 682 685
377 2 684 682 686
378 2 689 691 694
379 2 689 691 695
380 2 691 689 692
381 2 691 689 693
382 2 696 698 701
383 2 696 698 702
384 2 698 696 699
385 2 698 696 700
386 2 135 136 140
387 2 135 136 141
388 2 277 278 282
389 2 277 278 283
390 2 419 420 424
391 2 419 420 425
392 2 561 562 566
393 2 561 562 567
394 2 703 704 708
395 2 703 704 709
396 2 136 135 138
397 2 136 135 139
398 2 278 277 280
399 2 278 277 281
400 2 420 419 422
401 2 420 419 423
402 2 562 561 564
403 2 562 561 565
404 2 704 703 706
405 2 704 703 707
406 3 135 136 137
407 3 277 278 279
408 3 419 420 421
409 3 561 562 563
410 3 703 704 705
411 4 1 3 2
412 4 143 145 144
413 4 285 287 286
414 4 427 429 428
415 4 569 571 570
416 4 9 11 10
417 4 2 9 11
418 4 16 18 17
419 4 10 16 18
420 4 23 25 24
421 4 17 23 25
422 4 30 32 31
423 4 24 30 32
424 4 37 39 38
425 4 31 37 39
426 4 44 46 45
427 4 38 44 46
428 4 51 53 52
429 4 45 51 53
430 4 58 60 59
431 4 52 58 60
432 4 65 67 66
433 4 59 65 67
434 4 72 74 73
435 4 66 72 74
436 4 79 81 80
437 4 73 79 81
438 4 86 88 87
439 4 80 86 88
440 4 93 95 94
441 4 87 93 95
442 4 100 102 101
443 4 94 100 102
444 4 107 109 108
445 4 101 107 109
446 4 114 116 115
447 4 108 114 116
448 4 121 123 122
449 4 115 121 123
450 4 128 130 129
451 4 122 128 130
452 4 151 153 152
453 4 144 151 153
454 4 158 160 159
455 4 152 158 160
456 4 165 167 166
457 4 159 165 167
458 4 172 174 173
459 4 166 172 174
460 4 179 181 180
461 4 173 179 181
462 4 186 188 187
463 4 180 186 188
464 4 193 195 194
465 4 187 193 195
466 4 200 202 201
467 4 194 200 202
468 4 207 209 208
469 4 201 207 209
470 4 214 216 215
471 4 208 214 216
472 4 221 223 222
473 4 215 221 223
474 4 228 230 229
475 4 222 228 230
476 4 235 237 236
477 4 229 235 237
478 4 242 244 243
479 4 236 242 244
480 4 249 251 250
481 4 243 249 251
482 4 256 258 257
483 4 250 256 258
484 4 263 265 264
485 4 257 263 265
486 4 270 272 271
487 4 264 270 272
488 4 293 295 294
489 4 286 293 295
490 4 300 302 301
491 4 294 300 302
492 4 307 309 308
493 4 301 307 309
494 4 314 316 315
495 4 308 314 316
496 4 321 323 322
497 4 315 321 323
498 4 328 330 329
499 4 322 328 330
500 4 335 337 336
501 4 329 335 337
502 4 342 344 343
503 4 336 342 344
504 4 349 351 350
505 4 343 349 351
506 4 356 358 357
507 4 350 356 358
508 4 363 365 364
509 4 357 363 365
510 4 370 372 371
511 4 364 370 372
512 4 377 379 378
513 4 371 377 379
514 4 384 386 385
515 4 378 384 386
516 4 391 393 392
517 4 385 391 393
518 4 398 400 399
519 4 392 398 400
520 4 405 407 406
521 4 399 405 407
522 4 412 414 413
523 4 406 412 414
524 4 435 437 436
525 4 428 435 437
526 4 442 444 443
527 4 436 442 444
528 4 449 451 450
529 4 443 449 451
530 4 456 458 457
531 4 450 456 458
532 4 463 465 464
533 4 457 463 465
534 4 470 472 471
535 4 464 470 472
536 4 477 479 478
537 4 471 477 479
538 4 484 486 485
539 4 478 484 486
540 4 491 493 492
541 4 485 491 493
542 4 498 500 499
543 4 492 498 500
544 4 505 507 506
545 4 499 505 507
546 4 512 514 513
547 4 506 512 514
548 4 519 521 520
549 4 513 519 521
550 4 526 528 527
551 4 520 526 528
552 4 533 535 534
553 4 527 533 535
554 4 540 542 541
555 4 534 540 542
556 4 547 549 548
557 4 541 547 549
558 4 554 556 555
559 4 548 554 556
560 4 577 579 578
561 4 570 577 579
562 4 584 586 585
563 4 578 584 586
564 4 591 593 592
565 4 585 591 593
566 4 598 600 599
567 4 592 598 600
568 4 605 607 606
569 4 599 605 607
570 4 612 614 613
571 4 606 612 614
572 4 619 621 620
573 4 613 619 621
574 4 626 628 627
575 4 620 626 628
576 4 633 635 634
577 4 627 633 635
578 4 640 642 641
579 4 634 640 642
580 4 647 649 648
581 4 641 647 649
582 4 654 656 655
583 4 648 654 656
584 4 661 663 662
585 4 655 661 663
586 4 668 670 669
587 4 662 668 670
588 4 675 677 676
589 4 669 675 677
590 4 682 684 683
591 4 676 682 684
592 4 689 691 690
593 4 683 689 691
594 4 696 698 697
595 4 690 696 698
596 4 129 135 136
597 4 271 277 278
598 4 413 419 420
599 4 555 561 562
600 4 697 703 704
601 6 136 137 142
602 6 278 279 284
603 6 420 421 426
604 6 562 563 568
605 6 704 705 710
606 7 3 2 9
607 7 11 10 16
608 7 18 17 23
609 7 25 24 30
610 7 32 31 37
611 7 39 38 44
612 7 46 45 51
613 7 53 52 58
614 7 60 59 65
615 7 67 66 72
616 7 74 73 79
617 7 81 80 86
618 7 88 87 93
619 7 95 94 100
620 7 102 101 107
621 7 109 108 114
622 7 116 115 121
623 7 123 122 128
624 7 130 129 135
625 7 145 144 151
626 7 153 152 158
627 7 160 159 165
628 7 167 166 172
629 7 174 173 179
630 7 181 180 186
631 7 188 187 193
632 7 195 194 200
633 7 202 201 207
634 7 209 208 214
635 7 216 215 221
636 7 223 222 228
637 7 230 229 235
638 7 237 236 242
639 7 244 243 249
640 7 251 250 256
641 7 258 257 263
642 7 265 264 270
643 7 272 271 277
644 7 287 286 293
645 7 295 294 300
646 7 302 301 307
647 7 309 308 314
648 7 316 315 321
649 7 323 322 328
650 7 330 329 335
651 7 337 336 342
652 7 344 343 349
653 7 351 350 356
654 7 358 357 363
655 7 365 364 370
656 7 372 371 377
657 7 379 378 384
658 7 386 385 391
659 7 393 392 398
660 7 400 399 405
661 7 407 406 412
662 7 414 413 419
663 7 429 428 435
664 7 437 436 442
665 7 444 443 449
666 7 451 450 456
667 7 458 457 463
668 7 465 464 470
669 7 472 471 477
670 7 479 478 484
671 7 486 485 491
672 7 493 492 498
673 7 500 499 505
674 7 507 506 512
675 7 514 513 519
676 7 521 520 526
677 7 528 527 533
678 7 535 534 540
679 7 542 541 547
680 7 549 548 554
681 7 556 555 561
682 7 571 570 577
683 7 579 578 584
684 7 586 585 591
685 7 593 592 598
686 7 600 599 605
687 7 607 606 612
688 7 614 613 619
689 7 621 620 626
690 7 628 627 633
691 7 635 634 640
692 7 642 641 647
693 7 649 648 654
694 7 656 655 661
695 7 663 662 668
696 7 670 669 675
697 7 677 676 682
698 7 684 683 689
699 7 691 690 696
700 7 698 697 703
701 8 4 1 5
702 8 4 1 6
703 8 5 1 6
704 8 146 143 147
705 8 146 143 148
706 8 147 143 148
707 8 288 285 289
708 8 288 285 290
709 8 289 285 290
710 8 430 427 431
711 8 430 427 432
712 8 431 427 432
713 8 572 569 573
714 8 572 569 574
715 8 573 569 574
716 8 7 3 8
717 8 12 9 13
718 8 14 11 15
719 8 19 16 20
720 8 21 18 22
721 8 26 23 27
722 8 28 25 29
723 8 33 30 34
724 8 35 32 36
725 8 40 37 41
726 8 42 39 43
727 8 47 44 48
728 8 49 46 50
729 8 54 51 55
730 8 56 53 57
731 8 61 58 62
732 8 63 60 64
733 8 68 65 69
734 8 70 67 71
735 8 75 72 76
736 8 77 74 78
737 8 82 79 83
738 8 84 81 85
739 8 89 86 90
740 8 91 88 92
741 8 96 93 97
742 8 98 95 99
743 8 103 100 104
744 8 105 102 106
745 8 110 107 111
746 8 112 109 113
747 8 117 114 118
748 8 119 116 120
749 8 124 121 125
750 8 126 123 127
751 8 131 128 132
752 8 133 130 134
753 8 138 135 139
754 8 149 145 150
755 8 154 151 155
756 8 156 153 157
757 8 161 158 162
758 8 163 160 164
759 8 168 165 169
760 8 170 167 171
761 8 175 172 176
762 8 177 174 178
763 8 182 179 183
764 8 184 181 185
765 8 189 186 190
766 8 191 188 192
767 8 196 193 197
768 8 198 195 199
769 8 203 200 204
770 8 205 202 206
771 8 210 207 211
772 8 212 209 213
773 8 217 214 218
774 8 219 216 220
775 8 224 221 225
776 8 226 223 227
777 8 231 228 232
778 8 233 230 234
779 8 238 235 239
780 8 240 237 241
781 8 245 242 246
782 8 247 244 248
783 8 252 249 253
784 8 254 251 255
785 8 259 256 260
786 8 261 258 262
787 8 266 263 267
788 8 268 265 269
789 8 273 270 274
790 8 275 272 276
791 8 280 277 281
792 8 291 287 292
793 8 296 293 297
794 8 298 295 299
795 8 303 300 304
796 8 305 302 306
797 8 310 307 311
798 8 312 309 313
799 8 317 314 318
800 8 319 316 320
801 8 324 321 325
802 8 326 323 327
803 8 331 328 332
804 8 333 330 334
805 8 338 335 339
806 8 340 337 341
807 8 345 342 346
808 8 347 344 348
809 8 352 349 353
810 8 354 351 355
811 8 359 356 360
812 8 361 358 362
813 8 366 363 367
814 8 368 365 369
815 8 373 370 374
816 8 375 372 376
817 8 380 377 381
818 8 382 379 383
819 8 387 384 388
820 8 389 386 390
821 8 394 391 395
822 8 396 393 397
823 8 401 398 402
824 8 403 400 404
825 8 408 405 409
826 8 410 407 411
827 8 415 412 416
828 8 417 414 418
829 8 422 419 423
830 8 433 429 434
831 8 438 435 439
832 8 440 437 441
833 8 445 442 446
834 8 447 444 448
835 8 452 449 453
836 8 454 451 455
837 8 459 456 460
838 8 461 458 462
839 8 466 463 467
840 8 468 465 469
841 8 473 470 474
842 8 475 472 476
843 8 480 477 481
844 8 482 479 483
845 8 487 484 488
846 8 489 486 490
847 8 494 491 495
848 8 496 493 497
849 8 501 498 502
850 8 503 500 504
851 8 508 505 509
852 8 510 507 511
853 8 515 512 516
854 8 517 514 518
855 8 522 519 523
856 8 524 521 525
857 8 529 526 530
858 8 531 528 532
859 8 536 533 537
860 8 538 535 539
861 8 543 540 544
862 8 545 542 546
863 8 550 547 551
864 8 552 549 553
865 8 557 554 558
866 8 559 556 560
867 8 564 561 565
868 8 575 571 576
869 8 580 577 581
870 8 582 579 583
871 8 587 584 588
872 8 589 586 590
873 8 594 591 595
874 8 596 593 597
875 8 601 598 602
876 8 603 600 604
877 8 608 605 609
878 8 610 607 611
879 8 615 612 616
880 8 617 614 618
881 8 622 619 623
882 8 624 621 625
883 8 629 626 630
884 8 631 628 632
885 8 636 633 637
886 8 638 635 639
887 8 643 640 644
888 8 645 642 646
889 8 650 647 651
890 8 652 649 653
891 8 657 654 658
892 8 659 656 660
893 8 664 661 665
894 8 666 663 667
895 8 671 668 672
896 8 673 670 674
897 8 678 675 679
898 8 680 677 681
899 8 685 682 686
900 8 687 684 688
901 8 692 689 693
902 8 694 691 695
903 8 699 696 700
904 8 701 698 702
905 8 706 703 707
906 8 140 136 141
907 8 282 278 283
908 8 424 420 425
909 8 566 562 567
910 8 708 704 709
911 9 137 136 140
912 9 137 136 141
913 9 279 278 282
914 9 279 278 283
915 9 421 420 424
916 9 421 420 425
917 9 563 562 566
918 9 563 562 567
919 9 705 704 708
920 9 705 704 709
921 10 2 3 7
922 10 2 3 8
923 10 2 9 12
924 10 2 9 13
925 10 10 11 14
926 10 10 11 15
927 10 10 16 19
928 10 10 16 20
929 10 17 18 21
930 10 17 18 22
931 10 17 23 26
932 10 17 23 27
933 10 24 25 28
934 10 24 25 29
935 10 24 30 33
936 10 24 30 34
937 10 31 32 35
938 10 31 32 36
939 10 31 37 40
940 10 31 37 41
941 10 38 39 42
942 10 38 39 43
943 10 38 44 47
944 10 38 44 48
945 10 45 46 49
946 10 45 46 50
947 10 45 51 54
948 10 45 51 55
949 10 52 53 56
950 10 52 53 57
951 10 52 58 61
952 10 52 58 62
953 10 59 60 63
954 10 59 60 64
955 10 59 65 68
956 10 59 65 69
957 10 66 67 70
958 10 66 67 71
959 10 66 72 75
960 10 66 72 76
961 10 73 74 77
962 10 73 74 78
963 10 73 79 82
964 10 73 79 83
965 10 80 81 84
966 10 80 81 85
967 10 80 86 89
968 10 80 86 90
969 10 87 88 91
970 10 87 88 92
971 10 87 93 96
972 10 87 93 97
973 10 94 95 98
974 10 94 95 99
975 10 94 100 103
976 10 94 100 104
977 10 101 102 105
978 10 101 102 106
979 10 101 107 110
980 10 101 107 111
981 10 108 109 112
982 10 108 109 113
983 10 108 114 117
984 10 108 114 118
985 10 115 116 119
986 10 115 116 120
987 10 115 121 124
988 10 115 121 125
989 10 122 123 126
990 10 122 123 127
991 10 122 128 131
992 10 122 128 132
993 10 129 130 133
994 10 129 130 134
995 10 129 135 138
996 10 129 135 139
997 10 144 145 149
998 10 144 145 150
999 10 144 151 154
1000 10 144 151 155
1001 10 152 153 156
1002 10 152 153 157
1003 10 152 158 161
1004 10 152 158 162
1005 10 159 160 163
1006 10 159 160 164
1007 10 159 165 168
1008 10 159 165 169
1009 10 166 167 170
1010 10 166 167 171
1011 10 166 172 175
1012 10 166 172 176
1013 10 173 174 177
1014 10 173 174 178
1015 10 173 179 182
1016 10 173 179 183
1017 10 180 181 184
1018 10 180 181 185
1019 10 180 186 189
1020 10 180 186 190
1021 10 187 188 191
1022 10 187 188 192
1023 10 187 193 196
1024 10 187 193 197
1025 10 194 195 198
1026 10 194 195 199
1027 10 194 200 203
1028 10 194 200 204
1029 10 201 202 205
1030 10 201 202 206
1031 10 201 207 210
1032 10 201 207 211
1033 10 208 209 212
1034 10 208 209 213
1035 10 208 214 217
1036 10 208 214 218
1037 10 215 216 219
1038 10 215 216 220
1039 10 215 221 224
1040 10 215 221 225
1041 10 222 223 226
1042 10 222 223 227
1043 10 222 228 231
1044 10 222 228 232
1045 10 229 230 233
1046 10 229 230 234
1047 10 229 235 238
1048 10 229 235 239
1049 10 236 237 240
1050 10 236 237 241
1051 10 236 242 245
1052 10 236 242 246
1053 10 243 244 247
1054 10 243 244 248
1055 10 243 249 252
1056 10 243 249 253
1057 10 250 251 254
1058 10 250 251 255
1059 10 250 256 259
1060 10 250 256 260
1061 10 257 258 261
1062 10 257 258 262
1063 10 257 263 266
1064 10 257 263 267
1065 10 264 265 268
1066 10 264 265 269
1067 10 264 270 273
1068 10 264 270 274
1069 10 271 272 275
1070 10 271 272 276
1071 10 271 277 280
1072 10 271 277 281
1073 10 286 287 291
1074 10 286 287 292
1075 10 286 293 296
1076 10 286 293 297
1077 10 294 295 298
1078 10 294 295 299
1079 10 294 300 303
1080 10 294 300 304
1081 10 301 302 305
1082 10 301 302 306
1083 10 301 307 310
1084 10 301 307 311
1085 10 308 309 312
1086 10 308 309 313
1087 10 308 314 317
1088 10 308 314 318
1089 10 315 316 319
1090 10 315 316 320
1091 10 315 321 324
1092 10 315 321 325
1093 10 322 323 326
1094 10 322 323 327
1095 10 322 328 331
1096 10 322 328 332
1097 10 329 330 333
1098 10 329 330 334
1099 10 329 335 338
1100 10 329 335 339
1101 10 336 337 340
1102 10 336 337 341
1103 10 336 342 345
1104 10 336 342 346
1105 10 343 344 347
1106 10 343 344 348
1107 10 343 349 352
1108 10 343 349 353
1109 10 350 351 354
1110 10 350 351 355
1111 10 350 356 359
1112 10 350 356 360
1113 10 357 358 361
1114 10 357 358 362
1115 10 357 363 366
1116 10 357 363 367
1117 10 364 365 368
1118 10 364 365 369
1119 10 364 370 373
1120 10 364 370 374
1121 10 371 372 375
1122 10 371 372 376
1123 10 371 377 380
1124 10 371 377 381
1125 10 378 379 382
1126 10 378 379 383
1127 10 378 384 387
1128 10 378 384 388
1129 10 385 386 389
1130 10 385 386 390
1131 10 385 391 394
1132 10 385 391 395
1133 10 392 393 396
1134 10 392 393 397
1135 10 392 398 401
1136 10 392 398 402
1137 10 399 400 403
1138 10 399 400 404
1139 10 399 405 408
1140 10 399 405 409
1141 10 406 407 410
1142 10 406 407 411
1143 10 406 412 415
1144 10 406 412 416
1145 10 413 414 417
1146 10 413 414 418
1147 10 413 419 422
1148 10 413 419 423
1149 10 428 429 433
1150 10 428 429 434
1151 10 428 435 438
1152 10 428 435 439
1153 10 436 437 440
1154 10 436 437 441
1155 10 436 442 445
1156 10 436 442 446
1157 10 443 444 447
1158 10 443 444 448
1159 10 443 449 452
1160 10 443 449 453
1161 10 450 451 454
1162 10 450 451 455
1163 10 450 456 459
1164 10 450 456 460
1165 10 457 458 461
1166 10 457 458 462
1167 10 457 463 466
1168 10 457 463 467
1169 10 464 465 468
1170 10 464 465 469
1171 10 464 470 473
1172 10 464 470 474
1173 10 471 472 475
1174 10 471 472 476
1175 10 471 477 480
1176 10 471 477 481
1177 10 478 479 482
1178 10 478 479 483
1179 10 478 484 487
1180 10 478 484 488
1181 10 485 486 489
1182 10 485 486 490
1183 10 485 491 494
1184 10 485 491 495
1185 10 492 493 496
1186 10 492 493 497
1187 10 492 498 501
1188 10 492 498 502
1189 10 499 500 503
1190 10 499 500 504
1191 10 499 505 508
1192 10 499 505 509
1193 10 506 507 510
1194 10 506 507 511
1195 10 506 512 515
1196 10 506 512 516
1197 10 513 514 517
1198 10 513 514 518
1199 10 513 519 522
1200 10 513 519 523
1201 10 520 521 524
1202 10 520 521 525
1203 10 520 526 529
1204 10 520 526 530
1205 10 527 528 531
1206 10 527 528 532
1207 10 527 533 536
1208 10 527 533 537
1209 10 534 535 538
1210 10 534 535 539
1211 10 534 540 543
1212 10 534 540 544
1213 10 541 542 545
1214 10 541 542 546
1215 10 541 547 550
1216 10 541 547 551
1217 10 548 549 552
1218 10 548 549 553
1219 10 548 554 557
1220 10 548 554 558
1221 10 555 556 559
1222 10 555 556 560
1223 10 555 561 564
1224 10 555 561 565
1225 10 570 571 575
1226 10 570 571 576
1227 10 570 577 580
1228 10 570 577 581
1229 10 578 579 582
1230 10 578 579 583
1231 10 578 584 587
1232 10 578 584 588
1233 10 585 586 589
1234 10 585 586 590
1235 10 585 591 594
1236 10 585 591 595
1237 10 592 593 596
1238 10 592 593 597
1239 10 592 598 601
1240 10 592 598 602
1241 10 599 600 603
1242 10 599 600 604
1243 10 599 605 608
1244 10 599 605 609
1245 10 606 607 610
1246 10 606 607 611
1247 10 606 612 615
1248 10 606 612 616
1249 10 613 614 617
1250 10 613 614 618
1251 10 613 619 622
1252 10 613 619 623
1253 10 620 621 624
1254 10 620 621 625
1255 10 620 626 629
1256 10 620 626 630
1257 10 627 628 631
1258 10 627 628 632
1259 10 627 633 636
1260 10 627 633 637
1261 10 634 635 638
1262 10 634 635 639
1263 10 634 640 643
1264 10 634 640 644
1265 10 641 642 645
1266 10 641 642 646
1267 10 641 647 650
1268 10 641 647 651
1269 10 648 649 652
1270 10 648 649 653
1271 10 648 654 657
1272 10 648 654 658
1273 10 655 656 659
1274 10 655 656 660
1275 10 655 661 664
1276 10 655 661 665
1277 10 662 663 666
1278 10 662 663 667
1279 10 662 668 671
1280 10 662 668 672
1281 10 669 670 673
1282 10 669 670 674
1283 10 669 675 678
1284 10 669 675 679
1285 10 676 677 680
1286 10 676 677 681
1287 10 676 682 685
1288 10 676 682 686
1289 10 683 684 687
1290 10 683 684 688
1291 10 683 689 692
1292 10 683 689 693
1293 10 690 691 694
1294 10 690 691 695
1295 10 690 696 699
1296 10 690 696 700
1297 10 697 698 701
1298 10 697 698 702
1299 10 697 703 706
1300 10 697 703 707
