1 1 1 -0.1800 -9.653578347525302 18.438703512157073 10.401270137914526
2 1 6 -0.4000 -9.396450003047102 17.122131509307724 8.515767770963173
3 1 7 0.1400 -9.529122540614853 18.46845236692427 8.892850183867807
4 1 2 0.0600 -9.797438637254492 19.43074324708423 10.846254835814005
5 1 2 0.0600 -10.484930726724013 17.72736460914837 10.631190095001818
6 1 2 0.0600 -8.70473520853717 17.97353861022984 10.770790518421716
7 1 8 0.0300 -8.67447837407467 19.06565324315221 8.540852368489041
8 1 8 0.0300 -10.453798793767831 18.851837952246953 8.400867135560494
9 1 7 0.1400 -9.396475558611858 17.122058170082475 8.515850883396906
10 1 6 -0.4000 -9.695327093665387 14.845439746812673 8.98705393392254
11 1 7 0.1400 -9.225938352551097 15.736593094699648 8.028871842530211
12 1 8 0.0300 -9.616679661477173 17.893059229591525 7.793365922088224
13 1 8 0.0300 -9.624617128738791 17.28122250987641 9.553042831359276
14 1 8 0.0300 -9.781327840077495 15.636717586431088 7.064740938558526
15 1 8 0.0300 -8.130353347756 15.598687233888816 7.848504243382942
16 1 7 0.1400 -9.695291785494637 14.845502771685165 8.987035906303865
17 1 6 -0.4000 -12.004114823509768 15.104306224553515 9.297990809648395
18 1 7 0.1400 -10.89941331201254 14.358698584722179 9.693334733240102
19 1 8 0.0300 -8.750042562063136 14.810259001334412 9.506823153409453
20 1 8 0.0300 -9.81887039184623 15.503529009724904 8.147465302897892
21 1 8 0.0300 -10.715530896909783 14.443662767443364 10.791947196791511
22 1 8 0.0300 -11.015251693716424 13.281740107627202 9.412979765498326
23 1 7 0.1400 -12.004142896784927 15.1043195571769 9.297991210926098
24 1 6 -0.4000 -12.544319040040406 17.077096829281764 10.442847345522987
25 1 7 0.1400 -12.190716961535465 15.744062411599348 10.617712468835464
26 1 8 0.0300 -11.253580574568664 14.334162060439644 9.20617274497979
27 1 8 0.0300 -12.354499757089735 15.615828801494844 8.421203115994008
28 1 8 0.0300 -11.237450041684555 15.641455773524148 11.191066685128382
29 1 8 0.0300 -13.00335275476968 15.172816454806702 11.132647536977705
30 1 7 0.1400 -12.54438501826062 17.07711363597323 10.442836484855937
31 1 6 -0.4000 -10.562432390348427 17.18880683868797 11.689321305934508
32 1 7 0.1400 -11.569358153623654 16.329365874662177 11.264992734415905
33 1 8 0.0300 -13.582236206546872 16.784733563012065 10.49075103283499
34 1 8 0.0300 -12.28140626154035 18.057694822028303 10.09290547584317
35 1 8 0.0300 -12.11696550344389 15.877175673737115 12.127333277710843
36 1 8 0.0300 -11.161786607097728 15.518477665816016 10.610620709328698
37 1 7 0.1400 -10.562419072757693 17.188808147362554 11.689252150380462
38 1 6 -0.4000 -11.146417316703042 16.581151168624874 13.876495860454888
39 1 7 0.1400 -11.040894981976361 16.105642318905804 12.574440035725136
40 1 8 0.0300 -10.921585624563942 17.211938673251684 10.671715238600008
41 1 8 0.0300 -10.158538306275268 18.079180242042828 12.1333994902129
42 1 8 0.0300 -12.024680279365942 15.747763063253473 12.184478592741568
43 1 8 0.0300 -10.285564246748574 15.283341117321537 12.502654143703646
44 1 7 0.1400 -11.14638256107227 16.581235677784093 13.876503090350106
45 1 6 -0.4000 -9.012994448704267 15.679317390029555 14.236412195848725
46 1 7 0.1400 -10.15710131403834 15.56672888273345 13.454788047859246
47 1 8 0.0300 -12.193922911325778 16.328983054079075 13.813695221219772
48 1 8 0.0300 -10.826786895365498 17.378620909135805 14.52085113549622
49 1 8 0.0300 -10.628700144093656 14.55906475657698 13.555726407008631
50 1 8 0.0300 -9.934625025755865 15.77232032746907 12.37771170005303
51 1 7 0.1400 -9.012968909490821 15.67932173244094 14.236556352565117
52 1 6 -0.4000 -8.513740129923848 14.465256121344023 12.29461111193552
53 1 7 0.1400 -7.995179168634258 15.37590641065217 13.208068051265123
54 1 8 0.0300 -9.035179239747471 16.67436756209514 14.654057847314151
55 1 8 0.0300 -9.88165089351797 15.05178361936996 14.305378785462917
56 1 8 0.0300 -7.703432312532321 16.334895972444524 12.714911086062418
57 1 8 0.0300 -7.115391694132654 14.949061923658176 13.751791127502395
58 1 7 0.1400 -8.513751151394192 14.465275047894618 12.294623430924311
59 1 6 -0.4000 -6.983730740124101 15.334254076903083 10.74599533217355
60 1 7 0.1400 -8.263409768978525 15.495828894093759 11.264558888124022
61 1 8 0.0300 -9.136796679479882 14.72641169346209 13.13637097162413
62 1 8 0.0300 -7.840214185922051 13.632043610711623 12.366889109033194
63 1 8 0.0300 -8.393322824533469 16.499063605148702 11.738503729356498
64 1 8 0.0300 -9.042711134430117 15.348278602807179 10.47539775543531
65 1 7 0.1400 -6.983707181468842 15.334208847555505 10.745908850627533
66 1 6 -0.4000 -5.359861640756262 13.64601550895605 10.832308569471358
67 1 7 0.1400 -5.589160321621783 14.957247055011383 10.431450804693533
68 1 8 0.0300 -7.184926971685096 16.357331927358466 11.024560532122246
69 1 8 0.0300 -7.68113161310934 14.56165709846591 11.01031754399735
70 1 8 0.0300 -4.909691848811882 15.6736601447853 10.953998294648246
71 1 8 0.0300 -5.474682947723728 15.069002821349358 9.324083395223841
72 1 7 0.1400 -5.359913796406512 13.646061070824267 10.832364581342397
73 1 6 -0.4000 -5.717901099037733 11.464758654593698 11.61217280142058
74 1 7 0.1400 -5.282359753461499 12.203518439950987 10.518038113261715
75 1 8 0.0300 -5.599557428013078 14.33007121658605 10.032603335516269
76 1 8 0.0300 -5.5059167185473195 13.945760750182227 11.853154593499198
77 1 8 0.0300 -5.90945921864783 12.011101731022489 9.613768755775714
78 1 8 0.0300 -4.209269050894384 11.989167538197574 10.284827832653177
79 1 7 0.1400 -5.717918302538508 11.464749159902112 11.61213513967722
80 1 6 -0.4000 -4.951707434680867 9.479208326951749 10.62984979077721
81 1 7 0.1400 -4.550562661103886 10.5942225101838 11.356774299803584
82 1 8 0.0300 -5.749803549257569 12.015997196004243 12.539510971654314
83 1 8 0.0300 -6.624595583026294 11.287739581181183 11.064638182527398
84 1 8 0.0300 -4.108971526242579 10.30784041809928 12.342149135561632
85 1 8 0.0300 -3.8169750020132946 11.211981708606384 10.780510714979528
86 1 7 0.1400 -4.951662065885031 9.479231697573807 10.629787647668733
87 1 6 -0.4000 -3.4431268059194164 9.795107652608541 8.86375261107649
88 1 7 0.1400 -4.174765810407168 8.833060683126757 9.550602664307242
89 1 8 0.0300 -5.916619076779076 9.066146742003285 10.88105600343151
90 1 8 0.0300 -4.716950244631469 10.49136990574642 10.901146466432682
91 1 8 0.0300 -4.890806028395568 8.30084604110151 8.878282070366328
92 1 8 0.0300 -3.5020624620945 8.090211979099493 10.048099406099528
93 1 7 0.1400 -3.4431856530932294 9.79517655744726 8.86376730014468
94 1 6 -0.4000 -3.7113597465568353 8.807763455051372 6.7548732722684806
95 1 7 0.1400 -2.7652407080617625 9.179225920067791 7.7032758250281645
96 1 8 0.0300 -2.9336504697497263 10.587522196702182 9.39053032550695
97 1 8 0.0300 -4.50808614075498 9.69157803407668 8.955436800706217
98 1 8 0.0300 -2.0377663826808265 9.920828409463429 7.2924378355070525
99 1 8 0.0300 -2.213741621692054 8.288783462481417 8.096744994672893
100 1 7 0.1400 -3.7114012595344867 8.807745407905418 6.754854768092266
101 1 6 -0.4000 -5.907924931756144 9.575299464516338 6.471163866669591
102 1 7 0.1400 -5.124510398303551 8.658742650174473 7.163101923766286
103 1 8 0.0300 -2.945471913609977 8.628084582849535 7.493766958404411
104 1 8 0.0300 -3.4842126290902025 9.38816979640815 5.8804167454582545
105 1 8 0.0300 -5.184981414158162 8.81454067218254 8.267661217140745
106 1 8 0.0300 -5.415028012688986 7.607232180220096 6.91454157433758
107 1 7 0.1400 -5.907885881938336 9.575254973853584 6.471172961194623
108 1 6 -0.4000 -6.070260854686296 10.29383799444865 4.245951891112468
109 1 7 0.1400 -6.664616315316655 9.481207799721277 5.20457942724745
110 1 8 0.0300 -6.454557609688825 9.499025030566166 7.398672836032723
111 1 8 0.0300 -4.935836881964729 10.031487422870235 6.460141455650043
112 1 8 0.0300 -7.72007856427099 9.785921487313498 5.407384776353945
113 1 8 0.0300 -6.635238191395137 8.40522202459077 4.8992131921269735
114 1 7 0.1400 -6.070239298534908 10.293758712856715 4.24594706989829
115 1 6 -0.4000 -5.119438214780194 12.436007925394911 4.278834917355083
116 1 7 0.1400 -5.428180260265992 11.337556068262668 5.0729853230793225
117 1 8 0.0300 -5.8848051812099165 9.260075976862476 4.49500768388486
118 1 8 0.0300 -6.414752770733697 10.55258214104207 3.262346591809796
119 1 8 0.0300 -4.514709805747372 10.896494416110457 5.540978215891069
120 1 8 0.0300 -6.16660295291431 11.607113845007799 5.869180984947829
121 1 7 0.1400 -5.119462564332896 12.436068427150495 4.27889221852964
122 1 6 -0.4000 -7.077099995344098 13.43694316845695 3.4663397950401778
123 1 7 0.1400 -6.595398322753751 12.480198598999605 4.352452839429855
124 1 8 0.0300 -4.570303976925894 12.214655373307355 5.181287977310121
125 1 8 0.0300 -4.627450323017716 12.929423039715358 3.4617788967333385
126 1 8 0.0300 -6.883633037087079 12.711424134672928 5.406699727547514
127 1 8 0.0300 -6.95516558222789 11.45652955015667 4.0794579723508795
128 1 7 0.1400 -7.077055950018038 13.436942667788552 3.466275363584268
129 1 6 -0.4000 -8.587922310031843 13.14750232636244 5.234846292592707
130 1 7 0.1400 -8.058365133257977 12.53437447806197 4.105139942178703
131 1 8 0.0300 -6.987979911756871 13.414199591882484 2.390884638356444
132 1 8 0.0300 -6.730103061633362 14.293673061992076 4.012888320702379
133 1 8 0.0300 -8.85088330049783 12.296263181281976 3.3546741102179585
134 1 8 0.0300 -7.50096043846716 11.601972109244329 4.373063119317988
135 1 7 0.1400 -8.587953822780987 13.147613827528666 5.23485220354429
136 1 5 0.1450 -8.094313369808996 12.016227204773378 6.023174734644341
137 1 3 -0.6830 -7.99468612572465 12.424965931494762 7.360818209384281
138 1 8 0.0300 -8.365889211697112 13.207158638303543 4.184349598114893
139 1 8 0.0300 -9.136665855224509 13.93869413851445 5.7150948995036694
140 1 8 0.0300 -7.10310692899443 11.692802579358947 5.622341473345762
141 1 8 0.0300 -8.83303171931693 11.177491411039547 5.951310498685459
142 1 4 0.4180 -8.771372209404964 12.122744806924977 7.89860917182332
143 2 1 -0.1800 12.323090356228471 -9.483765634715072 16.794056931303103
144 2 6 -0.4000 13.49575305955655 -8.720139390228427 14.951142624300603
145 2 7 0.1400 12.189211953214686 -8.77452313174037 15.463359127449555
146 2 2 0.0600 11.365255518229624 -9.631172559090505 17.30754852983408
147 2 2 0.0600 12.862886225966566 -10.44013209950429 16.58430325662667
148 2 2 0.0600 13.005922879849857 -8.842902522862211 17.40745828160413
149 2 8 0.0300 11.754875377971164 -7.767283459405359 15.55160867067891
150 2 8 0.0300 11.580463123607299 -9.358431687533617 14.733610087763253
151 2 7 0.1400 13.495819578357276 -8.720248694704647 14.95110172477946
152 2 6 -0.4000 12.793537201343804 -7.314137721883399 13.212140139508529
153 2 7 0.1400 12.894428133273527 -8.644521461226311 13.602643821880822
154 2 8 0.0300 13.170971101184815 -9.510389264048593 15.610698834806147
155 2 8 0.0300 13.965494367434083 -7.8443661392162705 15.357776461512405
156 2 8 0.0300 11.894325768308699 -9.14087103619913 13.640238489269445
157 2 8 0.0300 13.573641714149536 -9.216817981939682 12.922200875019763
158 2 7 0.1400 12.793436547333467 -7.3141080727513685 13.212150136919677
159 2 6 -0.4000 11.762380005635293 -5.276991649373077 13.74263584400691
160 2 7 0.1400 12.526853375362625 -5.925717582228316 12.779657063857087
161 2 8 0.0300 12.858391886349418 -8.080514488009678 12.45497181539678
162 2 8 0.0300 12.591967426561265 -7.585969948875781 14.231292086642773
163 2 8 0.0300 12.003330719901813 -5.9638092376950995 11.793526213004595
164 2 8 0.0300 13.525678966455281 -5.4366214676549935 12.657225739075857
165 2 7 0.1400 11.762490170828006 -5.277012475939619 13.742629317191067
166 2 6 -0.4000 13.394871026068145 -3.759028444596701 13.017789180310267
167 2 7 0.1400 12.227045312077905 -4.4107658452899035 12.638296805840296
168 2 8 0.0300 10.699395389532386 -5.407455009622826 13.875787987161607
169 2 8 0.0300 12.43159170079813 -5.479095343525888 14.557868335651147
170 2 8 0.0300 11.410292575424029 -3.687749623575691 12.397167151283856
171 2 8 0.0300 12.404406493232075 -5.0844236018624525 11.762748270104419
172 2 7 0.1400 13.394877474258545 -3.7589998110533953 13.017758709908524
173 2 6 -0.4000 14.478442696926594 -3.3959960989829634 15.064329185911593
174 2 7 0.1400 14.427840384664313 -2.98400974532087 13.737566339586024
175 2 8 0.0300 12.84527847733896 -3.267288028965832 12.229674027947722
176 2 8 0.0300 12.98994402429204 -4.637984991282058 13.483121959463762
177 2 8 0.0300 14.171606070661365 -1.9000977255154732 13.651196728907122
178 2 8 0.0300 15.395349286105969 -3.1853264802547767 13.21291874560821
179 2 7 0.1400 14.478450666065147 -3.396021938776175 15.064353853818023
180 2 6 -0.4000 13.050848596988693 -1.709259444165128 15.846095895122023
181 2 7 0.1400 14.381815241759377 -2.1048334277138285 15.777963567646138
182 2 8 0.0300 15.246254063118053 -4.090756034448575 15.368885428181452
183 2 8 0.0300 13.624767337531495 -3.7496403819533866 14.517245298567213
184 2 8 0.0300 14.826239367666785 -2.2359293885083837 16.79446838582202
185 2 8 0.0300 14.99286072437953 -1.374043336756765 15.191085163606195
186 2 7 0.1400 13.050898957342135 -1.7092101392976549 15.846039739502519
187 2 6 -0.4000 14.004211385061282 0.2253287534766263 16.764239438642026
188 2 7 0.1400 13.645466015461711 -0.3845559310356863 15.5676043934473
189 2 8 0.0300 12.26574984722249 -2.062723713478878 15.195281698639441
190 2 8 0.0300 13.159360511841799 -2.128488322009102 16.82868458719557
191 2 8 0.0300 12.894888641906313 0.22128681336018863 15.004071630096707
192 2 8 0.0300 14.54053468048616 -0.5703178114284814 14.922467502017055
193 2 7 0.1400 14.004111592122964 0.22528372335625207 16.764249898412867
194 2 6 -0.4000 16.144898613566383 -0.08792652516501293 17.666062666697204
195 2 7 0.1400 15.3616901968074 -0.31561656292319057 16.540303002015808
196 2 8 0.0300 13.169043189842794 -0.2913203378128908 16.316256586524403
197 2 8 0.0300 13.840533982778876 0.8834113587979963 17.59687189018893
198 2 8 0.0300 15.268240881799393 -1.4059727042364398 16.31586657309881
199 2 8 0.0300 15.770433021366957 0.2192439633177386 15.64659694248597
200 2 7 0.1400 16.144975547451367 -0.08792479754186577 17.666074671783317
201 2 6 -0.4000 16.905829483388956 2.0605246354906575 17.11871526346872
202 2 7 0.1400 17.14096470873717 0.7056013595193882 16.915030845724676
203 2 8 0.0300 16.45350491711792 -1.037684691212446 18.075565541557
204 2 8 0.0300 15.281031323618475 0.4100904561547605 18.064484241436546
205 2 8 0.0300 18.1587210784654 0.40591769039379955 17.264806016851836
206 2 8 0.0300 17.016363886323244 0.42949798307899933 15.837952129672782
207 2 7 0.1400 16.90579165848595 2.0604545130891196 17.11871611109485
208 2 6 -0.4000 16.69568163574497 3.1847238163843876 19.16473867011314
209 2 7 0.1400 17.61061634315366 2.581882744627003 18.309127705140515
210 2 8 0.0300 17.2770910772781 1.15587495132325 16.661781150690118
211 2 8 0.0300 15.894905909628452 2.374221295540541 16.937582433975155
212 2 8 0.0300 18.137094909632268 1.7288162039253128 18.80215792345769
213 2 8 0.0300 18.361523039768134 3.3207175138785985 17.932140547899742
214 2 7 0.1400 16.6956439818897 3.184714166137949 19.164758911160078
215 2 6 -0.4000 17.0397955700597 5.323985333453296 18.27065905261334
216 2 7 0.1400 17.498532750365012 4.012053655732918 18.239219071708025
217 2 8 0.0300 17.1858884470167 2.371244665282485 19.67744276656251
218 2 8 0.0300 15.778579329044947 3.5857601261789935 19.55373649462408
219 2 8 0.0300 18.569146341343853 3.9413449883684994 18.550294341009423
220 2 8 0.0300 17.371038080810937 3.561786953868833 17.222920883956153
221 2 7 0.1400 17.03980112725732 5.3240015209433835 18.270756945121224
222 2 6 -0.4000 14.890914657944654 5.552870648147124 17.36287927460722
223 2 7 0.1400 16.181850053627837 6.0671920820122756 17.323480456868655
224 2 8 0.0300 18.077907211049208 5.179561728000434 18.01309455941297
225 2 8 0.0300 16.574910225069377 4.6816174273541975 18.99488961622955
226 2 8 0.0300 16.631140696541305 5.977690261882585 16.304604437726052
227 2 8 0.0300 16.202846632047866 7.1365923899113675 17.651808227792742
228 2 7 0.1400 14.890869577218384 5.5529200049895815 17.362798211165433
229 2 6 -0.4000 13.494576118262044 7.034655650243205 18.52433170360574
230 2 7 0.1400 14.493433986859388 6.963192072221152 17.560086446755875
231 2 8 0.0300 15.191653525824604 5.24140257833918 16.374161316671827
232 2 8 0.0300 14.569673735284328 4.820104388434899 18.079012915885922
233 2 8 0.0300 14.148489845503446 7.367333624742894 16.57740432884107
234 2 8 0.0300 15.414382613445444 7.507006490142848 17.88868423440781
235 2 7 0.1400 13.494590217873355 7.034634419772697 18.524401425375803
236 2 6 -0.4000 13.626961142806106 8.723254607425744 16.904100280500867
237 2 7 0.1400 13.116362968634405 7.455525986930603 17.15855390949839
238 2 8 0.0300 12.803142313385608 6.417670780091959 19.07773013662383
239 2 8 0.0300 14.248932798596531 7.592243128620885 19.047076083958515
240 2 8 0.0300 12.00175996526221 7.436973202876172 17.085773836143705
241 2 8 0.0300 13.551992124751035 6.695361070491913 16.46268500075417
242 2 7 0.1400 13.62696569754307 8.723232198796406 16.904080207708642
243 2 6 -0.4000 15.723364685815316 9.632423285994577 16.381759569660982
244 2 7 0.1400 14.422949002260006 9.480138896980238 15.9145106907689
245 2 8 0.0300 12.580088726324552 8.964301230118117 17.00824992149318
246 2 8 0.0300 14.138993959914837 8.212693857166492 17.69801135098136
247 2 8 0.0300 13.925076088201097 10.466558778349093 15.749952557919917
248 2 8 0.0300 14.398954565861791 8.883573029408153 14.968259966769232
249 2 7 0.1400 15.72338642575204 9.632367961615204 16.381760825333718
250 2 6 -0.4000 16.55841508136797 9.315465220164855 18.54893312968829
251 2 7 0.1400 16.746284620199017 10.031028949366691 17.371959644077773
252 2 8 0.0300 15.359576915698858 10.3810979168626 15.694765123374749
253 2 8 0.0300 15.14101051994409 8.749335172920674 16.566802438017813
254 2 8 0.0300 16.656968435567784 11.131947417244987 17.53923829258804
255 2 8 0.0300 17.73878921116715 9.799472695167783 16.910252661188675
256 2 7 0.1400 16.558361810953528 9.315527610584697 18.54894763490187
257 2 6 -0.4000 15.422084912538772 11.126202477049754 19.51054387973683
258 2 7 0.1400 16.685113097903912 10.589759929252867 19.28787328022619
259 2 8 0.0300 17.27270996778155 8.533180353293403 18.75523985444783
260 2 8 0.0300 15.615741512134349 9.072103732321361 18.095780129728254
261 2 8 0.0300 17.220999259359324 10.383490432918215 20.246132074520524
262 2 8 0.0300 17.305682434591173 11.265132427988778 18.647074804639093
263 2 7 0.1400 15.422107075489567 11.126207550975698 19.510541535331033
264 2 6 -0.4000 16.287843058199734 13.205777628034246 20.15878956104616
265 2 7 0.1400 15.913769689745472 12.444731718891767 19.057212855051166
266 2 8 0.0300 14.632031263809377 10.654959975595451 18.946074588117884
267 2 8 0.0300 15.604682658557087 10.827317243291413 20.525667015476195
268 2 8 0.0300 15.098791166772697 12.936888969741428 18.47277102943529
269 2 8 0.0300 16.787484454295978 12.242175460456952 18.388295466747245
270 2 7 0.1400 16.287849193048608 13.205664531302535 20.15886785391131
271 2 6 -0.4000 14.250860649710754 14.341872848907194 20.391342225222047
272 2 7 0.1400 15.592653985589122 14.366783253152684 20.75405852696864
273 2 8 0.0300 17.09709260665439 12.756334314760657 20.713975459730296
274 2 8 0.0300 15.791409369295579 12.644238590607323 19.389779162987722
275 2 8 0.0300 15.721765832130322 14.317798309108678 21.862621383255885
276 2 8 0.0300 16.104020415749183 15.278522276142661 20.3551934770299
277 2 7 0.1400 14.25085554093161 14.341879173000482 20.39129978268895
278 2 5 0.1450 14.477043149132832 15.386670039385885 21.39250915710264
279 2 3 -0.6830 13.289460005430199 16.117905309528968 21.53819462821127
280 2 8 0.0300 15.080578436814495 13.941834084405611 19.836378307938837
281 2 8 0.0300 13.250643684877742 14.005000660831316 20.18245747124808
282 2 8 0.0300 15.31851035024047 16.040884843925895 21.058298237202113
283 2 8 0.0300 14.729306587876497 14.900771508390047 22.369552029779836
284 2 4 0.4180 12.774211877590211 15.831223896023978 22.33577292148922
285 3 1 -0.1800 -5.536550591885312 -18.940767890787487 -13.36769311789689
286 3 6 -0.4000 -6.609459255166687 -18.186631729225677 -15.274192960561605
287 3 7 0.1400 -5.500456266441227 -18.95339268476478 -14.881047938898153
288 3 2 0.0600 -4.7006459990268095 -19.4813493800359 -12.907383260170565
289 3 2 0.0600 -5.5856968222338 -17.865235931044154 -13.066315196321339
290 3 2 0.0600 -6.51328231256068 -19.410653797776348 -13.087640658097314
291 3 8 0.0300 -5.547433699996307 -19.967137681060578 -15.306585485093331
292 3 8 0.0300 -4.595162192881428 -18.442660036200838 -15.2855881743116
293 3 7 0.1400 -6.609487949715614 -18.186598670477363 -15.274270909472628
294 3 6 -0.4000 -8.594632908131961 -19.432761199473877 -15.299058918653904
295 3 7 0.1400 -8.02233760235731 -18.25056226350047 -14.84356275097338
296 3 8 0.0300 -5.898870248043287 -17.70267246698265 -14.621771935035785
297 3 8 0.0300 -6.2647662664896675 -18.877009287284906 -16.021030001357886
298 3 8 0.0300 -8.048866390119123 -18.181569073396894 -13.728880211799458
299 3 8 0.0300 -8.528041300483624 -17.357123435192165 -15.288408600422882
300 3 7 0.1400 -8.59465408932591 -19.432674823886604 -15.299012963082534
301 3 6 -0.4000 -9.460837938089412 -20.789779729591817 -13.595390993556405
302 3 7 0.1400 -8.952367080896327 -20.807366131307635 -14.889122459456503
303 3 8 0.0300 -8.716204264605837 -19.16204398692708 -16.33675161273186
304 3 8 0.0300 -8.546397230143162 -18.665513121787 -14.549157511429712
305 3 8 0.0300 -9.697561529942105 -21.20479053760762 -15.620368023127465
306 3 8 0.0300 -8.010454323724025 -21.408469590051695 -14.94684584953367
307 3 7 0.1400 -9.460829492778908 -20.789812672157517 -13.595338441408952
308 3 6 -0.4000 -7.44644804725024 -21.915677941263787 -13.184204901388064
309 3 7 0.1400 -8.41950892170985 -21.68135627934617 -14.149004825388925
310 3 8 0.0300 -10.479195874835895 -20.929135785001083 -13.92463463349708
311 3 8 0.0300 -9.263107368500975 -20.272821476650105 -12.67513462412778
312 3 8 0.0300 -8.912273418915705 -22.628707467686073 -14.477166182413841
313 3 8 0.0300 -7.991399391449572 -21.15223183988131 -15.03704004859875
314 3 7 0.1400 -7.446372972516748 -21.91566072311922 -13.184248736685495
315 3 6 -0.4000 -7.88546840504166 -23.36436049549498 -14.973885619031796
316 3 7 0.1400 -8.487060167694617 -22.600505386768216 -13.980303350681494
317 3 8 0.0300 -7.630183102404543 -21.75810251319874 -12.132437799949578
318 3 8 0.0300 -6.44087606518884 -21.89007448187051 -13.560374132813934
319 3 8 0.0300 -9.096036433275643 -23.23023510160681 -13.287072224571094
320 3 8 0.0300 -9.128291979875517 -21.79564912334189 -14.419490279301424
321 3 7 0.1400 -7.8854940132215345 -23.3643329690653 -14.973858187754827
322 3 6 -0.4000 -9.539506204620428 -24.596581655663943 -13.860241177701669
323 3 7 0.1400 -8.641494064045633 -24.633739848019115 -14.92080068292576
324 3 8 0.0300 -6.859366494442891 -23.395463459692586 -15.307040131681097
325 3 8 0.0300 -8.233449498970431 -22.530584246709285 -14.393393677291899
326 3 8 0.0300 -7.908663957102456 -25.469906032858347 -14.812324207646295
327 3 8 0.0300 -9.174108825575878 -24.72438431700214 -15.90057723706597
328 3 7 0.1400 -9.539549379225777 -24.596568109188972 -13.860281428470241
329 3 6 -0.4000 -9.302199534946345 -26.660584851485865 -12.77499992630657
330 3 7 0.1400 -8.737357727253773 -25.832416279027132 -13.738163229113653
331 3 8 0.0300 -9.025966409884473 -23.67610281648028 -14.092430472235833
332 3 8 0.0300 -10.513484927691424 -24.565546357745916 -13.409020751729708
333 3 8 0.0300 -7.691810741552413 -25.542682517129002 -13.471954949927682
334 3 8 0.0300 -8.748881974061236 -26.316425019598515 -14.746855318299456
335 3 7 0.1400 -9.302228417207768 -26.660556623432047 -12.775026128155138
336 3 6 -0.4000 -9.636351983780532 -25.872821032942948 -10.592786434231146
337 3 7 0.1400 -8.820323108023723 -25.75322629806735 -11.71188740077577
338 3 8 0.0300 -8.572677304449913 -27.11001150471775 -13.431274925153831
339 3 8 0.0300 -10.275236452564425 -27.103700551762408 -12.674887115201567
340 3 8 0.0300 -7.760685364874649 -26.021138186317643 -11.480863433560032
341 3 8 0.0300 -8.863329327504303 -24.719111937324428 -12.136875581777602
342 3 7 0.1400 -9.636344989634882 -25.87279411140306 -10.59283619897709
343 3 6 -0.4000 -8.854134004337865 -23.750837281766927 -11.209100093458364
344 3 7 0.1400 -9.494884248021306 -24.888339349045598 -11.686720415635255
345 3 8 0.0300 -9.580791621998653 -26.921829409238228 -10.840537162318286
346 3 8 0.0300 -9.460925264775776 -25.55249222773229 -9.582992833178556
347 3 8 0.0300 -8.91947888852206 -25.369588159263238 -12.514542410344049
348 3 8 0.0300 -10.531803377067789 -24.65378883858871 -12.035492229091986
349 3 7 0.1400 -8.854172317913543 -23.750758237534665 -11.209125040462753
350 3 6 -0.4000 -7.850445076993556 -22.981885761500475 -9.23537157525181
351 3 7 0.1400 -7.639060184677542 -23.173453450135604 -10.595963816877324
352 3 8 0.0300 -8.732571800312172 -24.439635064389638 -12.031061188555356
353 3 8 0.0300 -9.769146035451714 -23.74620868970116 -10.647029498914083
354 3 8 0.0300 -6.788353139405865 -23.87174877804528 -10.787437465572514
355 3 8 0.0300 -7.453703186674328 -22.201701733290164 -11.11864764492175
356 3 7 0.1400 -7.850482941469924 -22.981890685283684 -9.235314746454941
357 3 6 -0.4000 -9.457719993624636 -23.17072697216896 -7.539594865420218
358 3 7 0.1400 -8.121229309652666 -22.877720066389955 -7.785628612743525
359 3 8 0.0300 -6.877509870642273 -23.328288513769866 -9.548761628500795
360 3 8 0.0300 -8.680987468816838 -23.03665835370404 -9.913851210141363
361 3 8 0.0300 -7.438811882301912 -23.58415527798673 -7.253428700432183
362 3 8 0.0300 -7.876084680471049 -21.82566682870049 -7.494175193050904
363 3 7 0.1400 -9.457686245975061 -23.17074606749223 -7.5395908684924695
364 3 6 -0.4000 -11.540775853712425 -22.115375187534006 -7.336450542922215
365 3 7 0.1400 -10.803511578681704 -23.221549147762346 -6.929739885972867
366 3 8 0.0300 -8.626190388000808 -23.561916590057294 -6.973448430189318
367 3 8 0.0300 -9.279433184894406 -22.480060068995932 -8.342291122445678
368 3 8 0.0300 -10.680739139636911 -23.25061984523821 -5.819756632604033
369 3 8 0.0300 -11.273170985623914 -24.174070456019553 -7.28184810624992
370 3 7 0.1400 -11.540796384452014 -22.115430929128326 -7.336498306687778
371 3 6 -0.4000 -12.937992242395696 -22.71361751425962 -9.120973732103879
372 3 7 0.1400 -12.722215572571564 -21.747051043455276 -8.14538022747378
373 3 8 0.0300 -10.918105661372248 -21.321869165862292 -6.952528267137165
374 3 8 0.0300 -11.146196193197326 -23.11057766665213 -7.420894158822197
375 3 8 0.0300 -12.535470125641655 -20.741393797682264 -8.594557967433357
376 3 8 0.0300 -13.584497572678828 -21.688012244281996 -7.434858466735101
377 3 7 0.1400 -12.938056515689958 -22.71347485611969 -9.120993938439995
378 3 6 -0.4000 -11.889570584851903 -24.123732225522318 -10.672182967823659
379 3 7 0.1400 -12.514589501699803 -22.89057354786946 -10.526361058249895
380 3 8 0.0300 -12.918497280027996 -21.71812825882724 -8.704077175094287
381 3 8 0.0300 -12.93351640594099 -23.566100008299898 -8.468185591929977
382 3 8 0.0300 -11.831563019492823 -22.04741474746138 -10.791952966820856
383 3 8 0.0300 -13.444655899743243 -22.83124810264995 -11.145484621668384
384 3 7 0.1400 -11.88960662914958 -24.123731080812576 -10.672231060506208
385 3 6 -0.4000 -13.801906728416892 -25.132889508480325 -11.577241335701677
386 3 7 0.1400 -13.314672308522823 -24.45773890020293 -10.463972600753484
387 3 8 0.0300 -11.235608891045533 -24.121531705551554 -9.813628054860843
388 3 8 0.0300 -11.475560089935641 -24.216452324601583 -11.658698107251906
389 3 8 0.0300 -13.394220772250192 -25.077235933467428 -9.537756390738188
390 3 8 0.0300 -13.847428635669052 -23.485397315276447 -10.313707707620335
391 3 7 0.1400 -13.801802858578037 -25.132881786367737 -11.577228230424147
392 3 6 -0.4000 -12.975084155262797 -27.305136700996183 -11.273615365971203
393 3 7 0.1400 -13.741288701024892 -26.50814530178454 -12.116425133140622
394 3 8 0.0300 -14.706044807858454 -24.564080419547818 -11.731268816846502
395 3 8 0.0300 -13.12275597246897 -24.854445566721278 -10.793316501940277
396 3 8 0.0300 -14.786688733161082 -26.89091557530277 -12.209197383951055
397 3 8 0.0300 -13.277875260953934 -26.428358800076808 -13.131678351656497
398 3 7 0.1400 -12.975148930079687 -27.30519179439792 -11.273612272443042
399 3 6 -0.4000 -11.462831484394169 -27.303605670748624 -13.06448620091679
400 3 7 0.1400 -12.588701761473363 -26.669790045895315 -12.551371327928852
401 3 8 0.0300 -13.408058079998549 -26.683103903662694 -10.505163624765705
402 3 8 0.0300 -12.535402830325777 -28.2492222439542 -11.011736580440537
403 3 8 0.0300 -12.399917082916943 -25.58602542147621 -12.356960464034717
404 3 8 0.0300 -13.465653313913966 -26.78231178780484 -13.237047514090847
405 3 7 0.1400 -11.46279381996472 -27.303539172317766 -13.064510475607264
406 3 6 -0.4000 -11.972580883942413 -26.0926819347054 -15.005715745413308
407 3 7 0.1400 -12.368632345659845 -27.173045423611775 -14.22561897480755
408 3 8 0.0300 -11.24988952188178 -28.2941435255511 -12.692634454313907
409 3 8 0.0300 -10.79876398906665 -26.492012124086994 -12.832913339037459
410 3 8 0.0300 -12.336981548096063 -28.13073494835959 -14.799909842923942
411 3 8 0.0300 -13.395134804414976 -27.017733700189165 -13.808452376507574
412 3 7 0.1400 -11.972611763728448 -26.092613717451954 -15.00564964824923
413 3 6 -0.4000 -13.482074025757218 -24.30099317358391 -15.08282157514608
414 3 7 0.1400 -13.17857628939895 -25.532499548259928 -15.651921015628794
415 3 8 0.0300 -11.300247552690935 -26.685048591180283 -15.607201215537025
416 3 8 0.0300 -11.622376747773359 -25.649604550134278 -14.092289198442344
417 3 8 0.0300 -12.975668509538506 -25.442723799173855 -16.74679532245499
418 3 8 0.0300 -14.000240537600108 -26.27232791848205 -15.480518431510275
419 3 7 0.1400 -13.482164130111057 -24.30098245715219 -15.08278802727552
420 3 5 0.1450 -13.381234028826425 -23.592479717546688 -13.80489680239518
421 3 3 -0.6830 -14.166588490440741 -24.273285270144356 -12.863618326504719
422 3 8 0.0300 -13.31461394886169 -23.772311401931066 -16.004117421213802
423 3 8 0.0300 -13.764237854803337 -25.33907051802861 -15.101052520262042
424 3 8 0.0300 -13.72950382090098 -22.539651260008245 -13.939140576647736
425 3 8 0.0300 -12.313069692061566 -23.606707212361144 -13.468490012845693
426 3 4 0.4180 -13.61946812107688 -24.861217376473792 -12.281558931104058
427 4 1 -0.1800 18.992471194657334 8.40704411784426 -13.737163189574064
428 4 6 -0.4000 19.666229752496655 8.228125201740008 -15.943661190297915
429 4 7 0.1400 18.5455469849064 8.006149632682806 -15.12685645159473
430 4 2 0.0600 18.2216491715134 8.257436049290483 -12.97146035265892
431 4 2 0.0600 19.931782878256186 7.835321989944053 -13.535073186051003
432 4 2 0.0600 19.270104729111292 9.488928859225078 -13.812476049790359
433 4 8 0.0300 17.67498587454207 8.577307940418445 -15.483043959272615
434 4 8 0.0300 18.30623819712323 6.918926409363328 -15.195667546372773
435 4 7 0.1400 19.666266099070487 8.228192452020279 -15.943670106750831
436 4 6 -0.4000 21.83047039896719 7.707077251403079 -15.209507525305602
437 4 7 0.1400 20.48709962776272 7.3899495699959115 -15.044044524127626
438 4 8 0.0300 18.766190597956573 7.800874921835774 -16.35861687525439
439 4 8 0.0300 20.12129217579319 9.078054017676122 -16.41678276640321
440 4 8 0.0300 20.282903621399306 6.318535337769478 -15.285615494999284
441 4 8 0.0300 20.142470680993867 7.61374743973951 -14.003370510544498
442 4 7 0.1400 21.830472034848807 7.707062222418228 -15.209492461228702
443 4 6 -0.4000 21.329885827251967 5.429988169385215 -14.967246293523988
444 4 7 0.1400 22.369582774207565 6.331114138749901 -15.166231835279586
445 4 8 0.0300 22.440259214033055 8.506258405848078 -14.816603091948137
446 4 8 0.0300 20.770113385205416 7.844083556488917 -15.309560878503751
447 4 8 0.0300 23.123869553208483 6.279550769774622 -14.343812432538904
448 4 8 0.0300 22.873068611193627 6.158955722198818 -16.15046782911697
449 4 7 0.1400 21.329941314735656 5.430041715673234 -14.967257499983218
450 4 6 -0.4000 22.792012293296217 4.013598650448142 -13.805201779879097
451 4 7 0.1400 22.425979084038534 5.343432559534984 -13.97885218720177
452 4 8 0.0300 21.291746735996576 6.29486512197914 -15.61188037427515
453 4 8 0.0300 20.81582438621434 4.530489757614318 -15.24946143078536
454 4 8 0.0300 23.278914537216792 5.961280657030386 -14.35133821530606
455 4 8 0.0300 22.029268653093514 5.782488351373791 -13.029269202080293
456 4 7 0.1400 22.792010074399784 4.013566451322898 -13.805227480120818
457 4 6 -0.4000 24.533029227483354 4.67315102044104 -12.38110090401271
458 4 7 0.1400 24.068042303271834 3.625295526109552 -13.16747169652196
459 4 8 0.0300 22.577730077938394 3.631082090011499 -14.791486470685019
460 4 8 0.0300 22.280976196832757 4.888256024657711 -13.448981039748183
461 4 8 0.0300 24.79351521021219 3.361469808310628 -13.974977765801565
462 4 8 0.0300 23.84799532981781 2.7197884512546064 -12.54820336464848
463 4 7 0.1400 24.533088791300944 4.67305115251952 -12.381089478553358
464 4 6 -0.4000 24.507895702859297 3.1726486493908053 -10.580396934863609
465 4 7 0.1400 24.299793035285898 3.2779784391397397 -11.950868355631032
466 4 8 0.0300 23.936646551983692 5.063256957063746 -13.191591227631186
467 4 8 0.0300 25.020474555705096 5.348554794402771 -11.703373500832127
468 4 8 0.0300 23.255765576727953 2.9977839796426027 -12.232788079389675
469 4 8 0.0300 25.026330605414632 2.6466981114693877 -12.521381551874422
470 4 7 0.1400 24.507961845594668 3.172685232332505 -10.580410550265588
471 4 6 -0.4000 26.72755589898632 2.5039421960652066 -10.233249219480589
472 4 7 0.1400 25.68413067792386 3.2428013980305495 -9.687406854212103
473 4 8 0.0300 23.863448025714188 4.036126288931741 -10.643564946485215
474 4 8 0.0300 24.497642437726928 2.440001861505543 -11.365405829190816
475 4 8 0.0300 25.960887679267106 4.3177788154134396 -9.561668577127088
476 4 8 0.0300 25.358603046170813 2.8201192608609778 -8.703929059911177
477 4 7 0.1400 26.727516267744043 2.503911363201148 -10.233304113310384
478 4 6 -0.4000 26.976853404076216 1.6907787847747946 -8.049046252537673
479 4 7 0.1400 27.238508118889577 2.779045628840017 -8.873549185415573
480 4 8 0.0300 27.270088992864835 2.909271598421381 -11.07367005601463
481 4 8 0.0300 26.06235911738243 1.6732985579769992 -10.377516918291382
482 4 8 0.0300 28.33372599812206 2.985694550034541 -8.949542740264894
483 4 8 0.0300 26.70604640590733 3.6960197506278663 -8.516477786141682
484 4 7 0.1400 26.976812398883983 1.6908012232668976 -8.048989264249542
485 4 6 -0.4000 28.04813715939878 -0.34203791015074425 -7.586210358989464
486 4 7 0.1400 28.270822391917523 0.9845719384397548 -7.937081555927555
487 4 8 0.0300 26.88484888718147 2.4728522605182914 -8.787132805608106
488 4 8 0.0300 26.094882275407084 1.2193936402237562 -7.657679734652512
489 4 8 0.0300 28.79847934633937 1.0693034042133756 -8.91809109571711
490 4 8 0.0300 28.85501114286198 1.520596862525121 -7.147614783967372
491 4 7 0.1400 28.048160806750538 -0.34199810655788687 -7.58622391261222
492 4 6 -0.4000 27.875238702463008 -1.3704290893037494 -5.486994611278717
493 4 7 0.1400 27.182119330972338 -0.6041388141197809 -6.4170364119645
494 4 8 0.0300 27.93930292572837 0.6007589631164119 -8.100301795153856
495 4 8 0.0300 28.953226028868844 -0.9092366373854278 -7.696887334105316
496 4 8 0.0300 26.868247926402994 0.3793262633401069 -5.990114659402647
497 4 8 0.0300 26.285640800873537 -1.1496914677752028 -6.805051292041831
498 4 7 0.1400 27.875266232092237 -1.3704792926622478 -5.4870205368791565
499 4 6 -0.4000 28.366086612088388 -3.469952550986461 -6.406609245031853
500 4 7 0.1400 28.78623019912939 -2.1457569119015054 -6.355832521065982
501 4 8 0.0300 27.687417024505265 -0.3376626155242435 -5.737857907768258
502 4 8 0.0300 27.186825588105748 -1.9005115082270847 -4.8559386640838
503 4 8 0.0300 28.786118046956425 -1.6733457228505983 -7.368160855096694
504 4 8 0.0300 29.804615988277057 -2.0602784992152694 -5.900375799272659
505 4 7 0.1400 28.36609738435388 -3.4699237419929974 -6.4066421299550225
506 4 6 -0.4000 30.30889958357386 -4.7551984379506065 -6.1460187030781075
507 4 7 0.1400 29.19488682974523 -4.26410229919087 -5.474905324577558
508 4 8 0.0300 27.295051412095283 -3.4826332104435114 -6.273916869660125
509 4 8 0.0300 28.783542094872697 -3.182247172316762 -7.353284145143009
510 4 8 0.0300 28.56281477809542 -5.088999905493249 -5.065015265366792
511 4 8 0.0300 29.491934067082802 -3.570899958024733 -4.648412461334384
512 4 7 0.1400 30.308934645127124 -4.755267676543327 -6.14596371750937
513 4 6 -0.4000 32.38715176722614 -3.912362695960566 -6.827770718883827
514 4 7 0.1400 31.76508608245264 -4.998885970236402 -6.223540251028899
515 4 8 0.0300 29.644764112151417 -5.600959950221662 -6.238694949397748
516 4 8 0.0300 29.939985332329005 -3.76374508407772 -6.3301059267284385
517 4 8 0.0300 31.92906133588006 -5.9416929375728404 -6.799915249276812
518 4 8 0.0300 32.11827998819312 -5.134815176862122 -5.170623200291336
519 4 7 0.1400 32.387106654095 -3.9123438392816543 -6.8278500352251985
520 4 6 -0.4000 32.64833557959724 -1.8078255783853474 -7.826398150257683
521 4 7 0.1400 33.18355897313288 -2.6676479613594015 -6.874119625481969
522 4 8 0.0300 32.277258633576515 -4.412435376527167 -5.877713799328688
523 4 8 0.0300 31.68731528517753 -4.10817125396839 -7.618478053730566
524 4 8 0.0300 33.17443504978367 -2.2116151724328357 -5.854349136868684
525 4 8 0.0300 34.22673727472893 -2.9709273915575927 -7.141809031880212
526 4 7 0.1400 32.64829126686638 -1.8078440169336758 -7.826347426883138
527 4 6 -0.4000 30.870930237079712 -0.35959468365099956 -8.314094941937764
528 4 7 0.1400 32.01839654233528 -0.9390969954268136 -8.843331324804264
529 4 8 0.0300 33.15540852834038 -2.6998544489555187 -8.161110734728117
530 4 8 0.0300 32.32245627531937 -1.7297879366759168 -6.806108334014044
531 4 8 0.0300 31.789243798009565 -1.5644599367851089 -9.740209918229091
532 4 8 0.0300 32.77916925264672 -0.16309314938358643 -9.109601702750282
533 4 7 0.1400 30.870914997160085 -0.359584585345772 -8.314122417711143
534 4 6 -0.4000 31.20837651369949 0.7553517357447534 -10.348175692521824
535 4 7 0.1400 31.69306872550401 0.6229541917014704 -9.051974569953513
536 4 8 0.0300 30.71827360068045 -0.20521014578682806 -7.2568683628635835
537 4 8 0.0300 30.195204588203435 -0.9862387993348205 -8.865365503216443
538 4 8 0.0300 31.657655706962885 1.591752305162645 -8.49685554355298
539 4 8 0.0300 32.73866873979381 0.22475244592505386 -9.048371824087006
540 4 7 0.1400 31.208487864502178 0.7553539976709687 -10.348114282835624
541 4 6 -0.4000 31.37037143531303 3.0937264572767313 -10.360112185103148
542 4 7 0.1400 31.97576000183082 1.9287796877364636 -10.817273762302309
543 4 8 0.0300 31.16258057295203 -0.1128335949003052 -10.987692131645154
544 4 8 0.0300 30.46927140670522 0.8936620905095007 -9.581577330055469
545 4 8 0.0300 32.01501965475219 1.8942736197631513 -11.93318102140833
546 4 8 0.0300 33.00807181787476 1.8173513885330563 -10.400412815951233
547 4 7 0.1400 31.370410054300564 3.0936910094413506 -10.360194085756788
548 4 6 -0.4000 33.329727886406445 4.188317782362102 -9.684027049591172
549 4 7 0.1400 32.35554521185907 3.285053943102076 -9.274544994676736
550 4 8 0.0300 30.341292036265422 2.9138637945604016 -10.089093960814761
551 4 8 0.0300 31.60866704105824 3.4525783964481276 -11.343851776068108
552 4 8 0.0300 31.80937810955217 3.648425267768561 -8.37030842343677
553 4 8 0.0300 32.796941217171856 2.2777873489207936 -9.068533891237259
554 4 7 0.1400 33.32977301591567 4.1882505709436035 -9.6840253783864
555 4 6 -0.4000 35.16662454568988 3.1576303349773145 -8.655368785162539
556 4 7 0.1400 34.26225856360698 4.206764628085498 -8.536910330522856
557 4 8 0.0300 32.96437077861038 5.131890930741729 -10.059446576951894
558 4 8 0.0300 33.29619198162713 3.3157323902487796 -10.309112043172256
559 4 8 0.0300 34.778305337729606 5.197489464079373 -8.525034882634857
560 4 8 0.0300 33.63331748143419 4.098605717637139 -7.6178935922389766
561 4 7 0.1400 35.16649237830029 3.157629360803389 -8.655447743262705
562 4 5 0.1450 35.223044159148344 1.713683010980679 -8.416722304910223
563 4 3 -0.6830 33.917040541333186 1.20748367203834 -8.483053138675952
564 4 8 0.0300 35.93957875070178 3.7963632829082172 -8.267156051927842
565 4 8 0.0300 34.3308468047125 3.582915948293034 -9.183040193781611
566 4 8 0.0300 35.68204933753497 1.5236237981554053 -7.416246047403578
567 4 8 0.0300 35.84025429567339 1.2393273847035609 -9.221946116772475
568 4 4 0.4180 33.72661105293405 0.7897788781813195 -9.362289918580494
569 5 1 -0.1800 -19.782936323333686 -18.80904056488092 17.08107026341308
570 5 6 -0.4000 -17.88290750105886 -19.861626085708384 16.28322930440601
571 5 7 0.1400 -19.27295048071472 -19.829076616060334 16.085507159123583
572 5 2 0.0600 -20.873565333263905 -18.694200828471494 17.06727904736625
573 5 2 0.0600 -19.384825241481206 -19.12099085559552 18.078169848524478
574 5 2 0.0600 -19.28063940162088 -17.84669735525396 16.807537177073026
575 5 8 0.0300 -19.52014576407973 -19.57751013918874 15.043117213087788
576 5 8 0.0300 -19.65368026407761 -20.85517437290941 16.300510008987814
577 5 7 0.1400 -17.882952617082644 -19.86168890561449 16.283281320371835
578 5 6 -0.4000 -16.207204408414704 -18.82802006458523 15.011380118142892
579 5 7 0.1400 -16.55701723205397 -19.208016115221636 16.302049320501986
580 5 8 0.0300 -18.530280466262646 -19.726463880474764 17.136274783565984
581 5 8 0.0300 -18.298707150782832 -20.16082411724483 15.339451201721975
582 5 8 0.0300 -16.612653988472452 -18.329864170801475 16.990333210947142
583 5 8 0.0300 -15.839536986940363 -19.96264330392294 16.711459755083823
584 5 7 0.1400 -16.20713658728518 -18.82811417461224 15.011368751833238
585 5 6 -0.4000 -14.859931540875376 -20.49705522951789 14.065847563187333
586 5 7 0.1400 -16.045245759855256 -20.27557962881034 14.757636375308019
587 5 8 0.0300 -17.20604831287098 -18.41935011202623 15.013443751924855
588 5 8 0.0300 -15.364907659629303 -18.179271212858392 14.860364631352631
589 5 8 0.0300 -16.93331722934257 -20.62795590480011 14.178722715767824
590 5 8 0.0300 -16.028503867102057 -20.771274871040234 15.760563559034578
591 5 7 0.1400 -14.86002144291505 -20.497042590499003 14.065892546281312
592 5 6 -0.4000 -12.992350302274295 -21.37979628697219 15.173541598003279
593 5 7 0.1400 -14.361916907074026 -21.168940158988814 15.284986689008639
594 5 8 0.0300 -15.67583242059405 -19.797554373739562 14.166320049053866
595 5 8 0.0300 -14.223527906116313 -20.454710939403597 13.202044753595024
596 5 8 0.0300 -14.610421164079801 -20.52421778927073 16.16280198862189
597 5 8 0.0300 -14.916892103457307 -22.13757028677595 15.359921373517295
598 5 7 0.1400 -12.992338610638425 -21.37978074015275 15.17350164634785
599 5 6 -0.4000 -11.254715909145078 -20.213553231609087 16.229397827594383
600 5 7 0.1400 -12.35517727131354 -21.03079228067366 16.461126390914423
601 5 8 0.0300 -14.064292599273646 -21.503760300414996 15.152037376357438
602 5 8 0.0300 -12.45920734612746 -21.18245397561352 14.262468055969636
603 5 8 0.0300 -13.118648305878475 -20.524052508000754 17.10011604824211
604 5 8 0.0300 -12.050116373392408 -21.997852362303195 16.933979060440805
605 5 7 0.1400 -11.254679035031547 -20.213529597663463 16.22946309457375
606 5 6 -0.4000 -11.421091560508064 -18.153987421786777 15.122698034974539
607 5 7 0.1400 -11.134193225570499 -18.744792043539476 16.347945864732136
608 5 8 0.0300 -11.606937436659846 -20.767072131293776 17.086447156236744
609 5 8 0.0300 -11.314619831629768 -20.650141289160366 15.250215254774556
610 5 8 0.0300 -11.836604785369449 -18.402169688883127 17.146199535409913
611 5 8 0.0300 -10.079694004058085 -18.539412101897817 16.660527808230125
612 5 7 0.1400 -11.42118431389919 -18.153914767701746 15.122663170512208
613 5 6 -0.4000 -11.107420063820506 -18.50639459717529 12.826656645001695
614 5 7 0.1400 -10.951882377360617 -19.089840806624156 14.078851337839216
615 5 8 0.0300 -11.882769063936022 -18.566073150408464 16.006960623916896
616 5 8 0.0300 -11.597973196152468 -17.128736461221983 14.856384874297664
617 5 8 0.0300 -11.54041687539452 -20.034980133676562 14.17006425952748
618 5 8 0.0300 -9.874369666110754 -19.29419669428135 14.300350837330319
619 5 7 0.1400 -11.107338958585016 -18.506402763040906 12.826642708482655
620 5 6 -0.4000 -11.998349870336577 -20.674373559298363 12.845032426111487
621 5 7 0.1400 -12.165232992448484 -19.392668478462237 13.35686746722634
622 5 8 0.0300 -10.737512127644864 -17.716687283039686 13.462641588798654
623 5 8 0.0300 -10.514706064091838 -18.84673341073427 11.998324953870783
624 5 8 0.0300 -12.100588827972153 -19.381665728830537 14.47207196484088
625 5 8 0.0300 -13.139754509014114 -18.949499848197707 13.031650033960402
626 5 7 0.1400 -11.998420710895996 -20.67437054327539 12.844944053566149
627 5 6 -0.4000 -11.314217573066603 -21.867434255536676 10.946839460908055
628 5 7 0.1400 -11.82503839221587 -22.00854923381541 12.232040477725684
629 5 8 0.0300 -12.823133685416241 -20.52929715943345 13.525913379570351
630 5 8 0.0300 -11.538460261931213 -19.825561201716333 12.37472273645027
631 5 8 0.0300 -12.81804293854821 -22.52031640708193 12.22787738631376
632 5 8 0.0300 -11.115501255303483 -22.56840203109228 12.891569777092615
633 5 7 0.1400 -11.314195110077879 -21.86734396661114 10.946803170295125
634 5 6 -0.4000 -13.438566079133786 -22.77457491429887 10.54891374672358
635 5 7 0.1400 -12.231449426894585 -22.4465851905427 9.942378398209435
636 5 8 0.0300 -10.626653040448875 -21.099415010920886 10.62666566623985
637 5 8 0.0300 -11.559221178655504 -21.96458887257116 11.987790516030998
638 5 8 0.0300 -12.369873969563567 -21.697075011634748 9.125644575167769
639 5 8 0.0300 -11.72085835424327 -23.355760769548212 9.536726425369704
640 5 7 0.1400 -13.438562945920294 -22.7746008465007 10.548981671099856
641 5 6 -0.4000 -14.010818626881116 -22.294840803339444 8.327115397762512
642 5 7 0.1400 -13.109384656752596 -21.989338726333536 9.340366737975497
643 5 8 0.0300 -13.259864225398278 -22.324790293703092 11.513685892027548
644 5 8 0.0300 -14.125940601629056 -23.59495243831375 10.461321964038271
645 5 8 0.0300 -13.143299703964908 -20.9058854401976 9.610477356674268
646 5 8 0.0300 -12.065735159805351 -22.273783406487357 9.054457746417075
647 5 7 0.1400 -14.01081226689912 -22.29477058222104 8.327124935202322
648 5 6 -0.4000 -14.645998167475614 -23.922317244075984 6.764445590233026
649 5 7 0.1400 -13.862932719007418 -23.69974660024113 7.891327931881098
650 5 8 0.0300 -13.156374291617576 -21.805304441650076 8.769024973255432
651 5 8 0.0300 -14.808913408366664 -21.706631815271173 7.914479374461759
652 5 8 0.0300 -12.780987438865573 -23.887441146520906 7.686032612705007
653 5 8 0.0300 -14.19872344165516 -24.333052609314755 8.75041179824977
654 5 7 0.1400 -14.645994995359533 -23.922359860897306 6.764483444448343
655 5 6 -0.4000 -12.989314989473087 -25.4912317693187 6.227465481003632
656 5 7 0.1400 -13.75745357904002 -24.989496286251118 7.271887623745284
657 5 8 0.0300 -14.876612912105635 -23.09632381320474 7.419767218387642
658 5 8 0.0300 -14.768563203702026 -23.81256359310814 5.703318606224196
659 5 8 0.0300 -13.121155761489048 -24.555762783074773 8.08119679557163
660 5 8 0.0300 -14.425345648111273 -25.778529298729854 7.699911091899132
661 5 7 0.1400 -12.989282149947655 -25.491278402523022 6.227379265968751
662 5 6 -0.4000 -14.035901162861961 -27.123430847210955 4.910184125108638
663 5 7 0.1400 -13.197743026434663 -26.937729304520598 6.003618565476757
664 5 8 0.0300 -12.031879947021304 -25.1665044896855 6.605294504311923
665 5 8 0.0300 -13.628868254085782 -24.792350798542994 5.721831226917908
666 5 8 0.0300 -12.198891470262678 -27.411694389706167 5.843513391425944
667 5 8 0.0300 -13.658835811309473 -27.338282853021415 6.941065789868508
668 5 7 0.1400 -14.035912756439558 -27.123372897959424 4.910193179362907
669 5 6 -0.4000 -16.312750287679936 -27.190204813963792 4.357128670161308
670 5 7 0.1400 -15.356530691135088 -26.47899848930634 5.072965695573411
671 5 8 0.0300 -13.15947398882512 -26.4936279747459 4.8962856882420205
672 5 8 0.0300 -13.990570730052179 -28.111026664832753 4.491107105358995
673 5 8 0.0300 -15.274096888197592 -25.423561733661717 4.716260042453626
674 5 8 0.0300 -15.579304025435285 -26.489748095571134 6.169375056847714
675 5 7 0.1400 -16.312799406636074 -27.190280150544226 4.357075417209126
676 5 6 -0.4000 -17.03360132852948 -25.289339234157715 3.1903688466429028
677 5 7 0.1400 -15.919100937212688 -25.89835130091421 3.755688384868592
678 5 8 0.0300 -15.600200293787207 -28.00064397745826 4.336339641452157
679 5 8 0.0300 -17.357067544246465 -27.400743745204167 4.492567601834452
680 5 8 0.0300 -15.126346949454026 -26.097222084570486 2.9941291118630837
681 5 8 0.0300 -15.496418437401713 -25.279819154294785 4.586720567128645
682 5 7 0.1400 -17.033591365388386 -25.289275353914192 3.1903886485527093
683 5 6 -0.4000 -17.834199052952858 -26.263490268379513 1.2144664256284368
684 5 7 0.1400 -17.316664030906484 -26.55029211948754 2.4724390800039067
685 5 8 0.0300 -17.162955366221045 -25.2723668698292 4.261787761140784
686 5 8 0.0300 -17.033471246890464 -24.368468862418304 2.637881281370538
687 5 8 0.0300 -18.033421983027495 -27.146657562485725 3.0877335594760327
688 5 8 0.0300 -16.342230999074104 -27.094791281701504 2.395901972518354
689 5 7 0.1400 -17.834198111775986 -26.26350153573498 1.2143886262590036
690 5 6 -0.4000 -16.630035951531116 -27.253178402020055 -0.5362881549243659
691 5 7 0.1400 -16.619464736546227 -27.01513420289242 0.8333162436796347
692 5 8 0.0300 -17.760629729059144 -25.550823857957287 2.0216031086995874
693 5 8 0.0300 -18.638868993315167 -26.188315204983837 0.50728128782223
694 5 8 0.0300 -15.72901614020438 -26.414949808759086 1.1413113577831426
695 5 8 0.0300 -16.646907129872478 -27.972427448529984 1.4118433017376142
696 5 7 0.1400 -16.6299648511574 -27.253303543068878 -0.5362003099901778
697 5 6 -0.4000 -16.97667799503606 -27.098063843711035 -2.8492127681505446
698 5 7 0.1400 -16.068994649735405 -26.82003099578937 -1.8336332881784512
699 5 8 0.0300 -16.384459465988687 -26.677761901361524 0.34322900752997576
700 5 8 0.0300 -17.494559213517633 -27.890185057729077 -0.5334571623392106
701 5 8 0.0300 -15.845086576931768 -25.727567692637663 -1.7675265094018249
702 5 8 0.0300 -15.117333173618938 -27.39189087883006 -1.9721024509711689
703 5 7 0.1400 -16.976718986095182 -27.098020484485705 -2.8492210631649346
704 5 5 0.1450 -17.795082668162653 -28.308447738034946 -2.9507875327216238
705 5 3 -0.6830 -16.955161578836716 -29.419626804846803 -2.7892429717340885
706 5 8 0.0300 -17.426323477705008 -26.17050966136561 -2.5426375115524036
707 5 8 0.0300 -15.91919789851578 -27.14647257742779 -3.0411261022191693
708 5 8 0.0300 -18.589790621386015 -28.282470368036964 -2.1662332354728475
709 5 8 0.0300 -18.258446054323457 -28.345566744680404 -3.969739715952637
710 5 4 0.4180 -16.710645820209162 -29.827907134280427 -3.659482718229482
