1 7 1 2
2 7 2 3
3 10 1 4
4 10 1 5
5 10 1 6
6 12 2 7
7 10 3 8
8 10 3 9
9 10 3 10
10 8 11 12
11 7 12 13
12 11 11 14
13 11 11 15
14 12 12 16
15 10 13 17
16 10 13 18
17 10 13 19
18 8 20 21
19 7 21 22
20 11 20 23
21 11 20 24
22 12 21 25
23 10 22 26
24 10 22 27
25 10 22 28
26 8 29 30
27 7 30 31
28 11 29 32
29 11 29 33
30 12 30 34
31 10 31 35
32 10 31 36
33 10 31 37
34 8 38 39
35 7 39 40
36 11 38 41
37 11 38 42
38 12 39 43
39 10 40 44
40 10 40 45
41 10 40 46
42 8 47 48
43 7 48 49
44 11 47 50
45 11 47 51
46 12 48 52
47 10 49 53
48 10 49 54
49 10 49 55
50 8 56 57
51 7 57 58
52 11 56 59
53 11 56 60
54 12 57 61
55 10 58 62
56 10 58 63
57 10 58 64
58 8 65 66
59 7 66 67
60 11 65 68
61 11 65 69
62 12 66 70
63 10 67 71
64 10 67 72
65 10 67 73
66 8 74 75
67 7 75 76
68 11 74 77
69 11 74 78
70 12 75 79
71 10 76 80
72 10 76 81
73 10 76 82
74 8 83 84
75 7 84 85
76 11 83 86
77 11 83 87
78 12 84 88
79 10 85 89
80 10 85 90
81 10 85 91
82 8 92 93
83 7 93 94
84 11 92 95
85 11 92 96
86 12 93 97
87 10 94 98
88 10 94 99
89 10 94 100
90 8 101 102
91 7 102 103
92 11 101 104
93 11 101 105
94 12 102 106
95 10 103 107
96 10 103 108
97 10 103 109
98 8 110 111
99 7 111 112
100 11 110 113
101 11 110 114
102 12 111 115
103 10 112 116
104 10 112 117
105 10 112 118
106 8 119 120
107 7 120 121
108 11 119 122
109 11 119 123
110 12 120 124
111 10 121 125
112 10 121 126
113 10 121 127
114 8 128 129
115 7 129 130
116 11 128 131
117 11 128 132
118 12 129 133
119 10 130 134
120 10 130 135
121 10 130 136
122 8 137 138
123 7 138 139
124 11 137 140
125 11 137 141
126 12 138 142
127 10 139 143
128 10 139 144
129 10 139 145
130 8 146 147
131 7 147 148
132 11 146 149
133 11 146 150
134 12 147 151
135 10 148 152
136 10 148 153
137 10 148 154
138 8 155 156
139 7 156 157
140 11 155 158
141 11 155 159
142 12 156 160
143 10 157 161
144 10 157 162
145 10 157 163
146 8 164 165
147 7 165 166
148 11 164 167
149 11 164 168
150 12 165 169
151 10 166 170
152 10 166 171
153 10 166 172
154 8 173 174
155 7 174 175
156 11 173 176
157 11 173 177
158 12 174 178
159 10 175 179
160 10 175 180
161 10 175 181
162 8 182 183
163 7 183 184
164 11 182 185
165 11 182 186
166 12 183 187
167 10 184 188
168 10 184 189
169 10 184 190
170 8 191 192
171 7 192 193
172 11 191 194
173 11 191 195
174 12 192 196
175 10 193 197
176 10 193 198
177 10 193 199
178 8 200 201
179 7 201 202
180 11 200 203
181 11 200 204
182 12 201 205
183 10 202 206
184 10 202 207
185 10 202 208
186 8 209 210
187 7 210 211
188 11 209 212
189 11 209 213
190 12 210 214
191 10 211 215
192 10 211 216
193 10 211 217
194 8 218 219
195 7 219 220
196 11 218 221
197 11 218 222
198 12 219 223
199 10 220 224
200 10 220 225
201 10 220 226
202 8 227 228
203 7 228 229
204 11 227 230
205 11 227 231
206 12 228 232
207 10 229 233
208 10 229 234
209 10 229 235
210 8 236 237
211 7 237 238
212 11 236 239
213 11 236 240
214 12 237 241
215 10 238 242
216 10 238 243
217 10 238 244
218 8 245 246
219 7 246 247
220 11 245 248
221 11 245 249
222 12 246 250
223 10 247 251
224 10 247 252
225 10 247 253
226 8 254 255
227 7 255 256
228 11 254 257
229 11 254 258
230 12 255 259
231 10 256 260
232 10 256 261
233 10 256 262
234 8 263 264
235 7 264 265
236 11 263 266
237 11 263 267
238 12 264 268
239 10 265 269
240 10 265 270
241 10 265 271
242 8 272 273
243 7 273 274
244 11 272 275
245 11 272 276
246 12 273 277
247 10 274 278
248 10 274 279
249 10 274 280
250 8 281 282
251 7 282 283
252 11 281 284
253 11 281 285
254 12 282 286
255 10 283 287
256 10 283 288
257 10 283 289
258 8 290 291
259 7 291 292
260 11 290 293
261 11 290 294
262 12 291 295
263 10 292 296
264 10 292 297
265 10 292 298
266 8 299 300
267 7 300 301
268 11 299 302
269 11 299 303
270 12 300 304
271 10 301 305
272 10 301 306
273 10 301 307
274 8 308 309
275 7 309 310
276 11 308 311
277 11 308 312
278 12 309 313
279 10 310 314
280 10 310 315
281 10 310 316
282 8 317 318
283 7 318 319
284 11 317 320
285 11 317 321
286 12 318 322
287 10 319 323
288 10 319 324
289 10 319 325
290 8 326 327
291 7 327 328
292 11 326 329
293 11 326 330
294 12 327 331
295 10 328 332
296 10 328 333
297 10 328 334
298 8 335 336
299 7 336 337
300 11 335 338
301 11 335 339
302 12 336 340
303 10 337 341
304 10 337 342
305 10 337 343
306 8 344 345
307 7 345 346
308 11 344 347
309 11 344 348
310 12 345 349
311 10 346 350
312 10 346 351
313 10 346 352
314 8 353 354
315 7 354 355
316 11 353 356
317 11 353 357
318 12 354 358
319 10 355 359
320 10 355 360
321 10 355 361
322 8 362 363
323 7 363 364
324 11 362 365
325 11 362 366
326 12 363 367
327 10 364 368
328 10 364 369
329 10 364 370
330 8 371 372
331 7 372 373
332 11 371 374
333 11 371 375
334 12 372 376
335 10 373 377
336 10 373 378
337 10 373 379
338 8 380 381
339 7 381 382
340 11 380 383
341 11 380 384
342 12 381 385
343 10 382 386
344 10 382 387
345 10 382 388
346 8 389 390
347 7 390 391
348 11 389 392
349 11 389 393
350 12 390 394
351 10 391 395
352 10 391 396
353 10 391 397
354 8 398 399
355 7 399 400
356 11 398 401
357 11 398 402
358 12 399 403
359 10 400 404
360 10 400 405
361 10 400 406
362 8 407 408
363 7 408 409
364 11 407 410
365 11 407 411
366 12 408 412
367 10 409 413
368 10 409 414
369 10 409 415
370 8 416 417
371 7 417 418
372 11 416 419
373 11 416 420
374 12 417 421
375 10 418 422
376 10 418 423
377 10 418 424
378 8 425 426
379 7 426 427
380 11 425 428
381 11 425 429
382 12 426 430
383 10 427 431
384 10 427 432
385 10 427 433
386 8 434 435
387 7 435 436
388 11 434 437
389 11 434 438
390 12 435 439
391 10 436 440
392 10 436 441
393 10 436 442
394 5 443 444
395 4 444 445
396 11 443 446
397 11 443 447
398 11 444 448
399 11 444 449
400 10 445 450
401 10 445 451
402 10 445 452
403 8 2 11
404 8 12 20
405 8 21 29
406 8 30 38
407 8 39 47
408 8 48 56
409 8 57 65
410 8 66 74
411 8 75 83
412 8 84 92
413 8 93 101
414 8 102 110
415 8 111 119
416 8 120 128
417 8 129 137
418 8 138 146
419 8 147 155
420 8 156 164
421 8 165 173
422 8 174 182
423 8 183 191
424 8 192 200
425 8 201 209
426 8 210 218
427 8 219 227
428 8 228 236
429 8 237 245
430 8 246 254
431 8 255 263
432 8 264 272
433 8 273 281
434 8 282 290
435 8 291 299
436 8 300 308
437 8 309 317
438 8 318 326
439 8 327 335
440 8 336 344
441 8 345 353
442 8 354 362
443 8 363 371
444 8 372 380
445 8 381 389
446 8 390 398
447 8 399 407
448 8 408 416
449 8 417 425
450 8 426 434
451 8 435 443
452 7 453 454
453 7 454 455
454 10 453 456
455 10 453 457
456 10 453 458
457 12 454 459
458 10 455 460
459 10 455 461
460 10 455 462
461 8 463 464
462 7 464 465
463 11 463 466
464 11 463 467
465 12 464 468
466 10 465 469
467 10 465 470
468 10 465 471
469 8 472 473
470 7 473 474
471 11 472 475
472 11 472 476
473 12 473 477
474 10 474 478
475 10 474 479
476 10 474 480
477 8 481 482
478 7 482 483
479 11 481 484
480 11 481 485
481 12 482 486
482 10 483 487
483 10 483 488
484 10 483 489
485 8 490 491
486 7 491 492
487 11 490 493
488 11 490 494
489 12 491 495
490 10 492 496
491 10 492 497
492 10 492 498
493 8 499 500
494 7 500 501
495 11 499 502
496 11 499 503
497 12 500 504
498 10 501 505
499 10 501 506
500 10 501 507
501 8 508 509
502 7 509 510
503 11 508 511
504 11 508 512
505 12 509 513
506 10 510 514
507 10 510 515
508 10 510 516
509 8 517 518
510 7 518 519
511 11 517 520
512 11 517 521
513 12 518 522
514 10 519 523
515 10 519 524
516 10 519 525
517 8 526 527
518 7 527 528
519 11 526 529
520 11 526 530
521 12 527 531
522 10 528 532
523 10 528 533
524 10 528 534
525 8 535 536
526 7 536 537
527 11 535 538
528 11 535 539
529 12 536 540
530 10 537 541
531 10 537 542
532 10 537 543
533 8 544 545
534 7 545 546
535 11 544 547
536 11 544 548
537 12 545 549
538 10 546 550
539 10 546 551
540 10 546 552
541 8 553 554
542 7 554 555
543 11 553 556
544 11 553 557
545 12 554 558
546 10 555 559
547 10 555 560
548 10 555 561
549 8 562 563
550 7 563 564
551 11 562 565
552 11 562 566
553 12 563 567
554 10 564 568
555 10 564 569
556 10 564 570
557 8 571 572
558 7 572 573
559 11 571 574
560 11 571 575
561 12 572 576
562 10 573 577
563 10 573 578
564 10 573 579
565 8 580 581
566 7 581 582
567 11 580 583
568 11 580 584
569 12 581 585
570 10 582 586
571 10 582 587
572 10 582 588
573 8 589 590
574 7 590 591
575 11 589 592
576 11 589 593
577 12 590 594
578 10 591 595
579 10 591 596
580 10 591 597
581 8 598 599
582 7 599 600
583 11 598 601
584 11 598 602
585 12 599 603
586 10 600 604
587 10 600 605
588 10 600 606
589 8 607 608
590 7 608 609
591 11 607 610
592 11 607 611
593 12 608 612
594 10 609 613
595 10 609 614
596 10 609 615
597 8 616 617
598 7 617 618
599 11 616 619
600 11 616 620
601 12 617 621
602 10 618 622
603 10 618 623
604 10 618 624
605 8 625 626
606 7 626 627
607 11 625 628
608 11 625 629
609 12 626 630
610 10 627 631
611 10 627 632
612 10 627 633
613 8 634 635
614 7 635 636
615 11 634 637
616 11 634 638
617 12 635 639
618 10 636 640
619 10 636 641
620 10 636 642
621 8 643 644
622 7 644 645
623 11 643 646
624 11 643 647
625 12 644 648
626 10 645 649
627 10 645 650
628 10 645 651
629 8 652 653
630 7 653 654
631 11 652 655
632 11 652 656
633 12 653 657
634 10 654 658
635 10 654 659
636 10 654 660
637 8 661 662
638 7 662 663
639 11 661 664
640 11 661 665
641 12 662 666
642 10 663 667
643 10 663 668
644 10 663 669
645 8 670 671
646 7 671 672
647 11 670 673
648 11 670 674
649 12 671 675
650 10 672 676
651 10 672 677
652 10 672 678
653 8 679 680
654 7 680 681
655 11 679 682
656 11 679 683
657 12 680 684
658 10 681 685
659 10 681 686
660 10 681 687
661 8 688 689
662 7 689 690
663 11 688 691
664 11 688 692
665 12 689 693
666 10 690 694
667 10 690 695
668 10 690 696
669 8 697 698
670 7 698 699
671 11 697 700
672 11 697 701
673 12 698 702
674 10 699 703
675 10 699 704
676 10 699 705
677 8 706 707
678 7 707 708
679 11 706 709
680 11 706 710
681 12 707 711
682 10 708 712
683 10 708 713
684 10 708 714
685 8 715 716
686 7 716 717
687 11 715 718
688 11 715 719
689 12 716 720
690 10 717 721
691 10 717 722
692 10 717 723
693 8 724 725
694 7 725 726
695 11 724 727
696 11 724 728
697 12 725 729
698 10 726 730
699 10 726 731
700 10 726 732
701 8 733 734
702 7 734 735
703 11 733 736
704 11 733 737
705 12 734 738
706 10 735 739
707 10 735 740
708 10 735 741
709 8 742 743
710 7 743 744
711 11 742 745
712 11 742 746
713 12 743 747
714 10 744 748
715 10 744 749
716 10 744 750
717 8 751 752
718 7 752 753
719 11 751 754
720 11 751 755
721 12 752 756
722 10 753 757
723 10 753 758
724 10 753 759
725 8 760 761
726 7 761 762
727 11 760 763
728 11 760 764
729 12 761 765
730 10 762 766
731 10 762 767
732 10 762 768
733 8 769 770
734 7 770 771
735 11 769 772
736 11 769 773
737 12 770 774
738 10 771 775
739 10 771 776
740 10 771 777
741 8 778 779
742 7 779 780
743 11 778 781
744 11 778 782
745 12 779 783
746 10 780 784
747 10 780 785
748 10 780 786
749 8 787 788
750 7 788 789
751 11 787 790
752 11 787 791
753 12 788 792
754 10 789 793
755 10 789 794
756 10 789 795
757 8 796 797
758 7 797 798
759 11 796 799
760 11 796 800
761 12 797 801
762 10 798 802
763 10 798 803
764 10 798 804
765 8 805 806
766 7 806 807
767 11 805 808
768 11 805 809
769 12 806 810
770 10 807 811
771 10 807 812
772 10 807 813
773 8 814 815
774 7 815 816
775 11 814 817
776 11 814 818
777 12 815 819
778 10 816 820
779 10 816 821
780 10 816 822
781 8 823 824
782 7 824 825
783 11 823 826
784 11 823 827
785 12 824 828
786 10 825 829
787 10 825 830
788 10 825 831
789 8 832 833
790 7 833 834
791 11 832 835
792 11 832 836
793 12 833 837
794 10 834 838
795 10 834 839
796 10 834 840
797 8 841 842
798 7 842 843
799 11 841 844
800 11 841 845
801 12 842 846
802 10 843 847
803 10 843 848
804 10 843 849
805 8 850 851
806 7 851 852
807 11 850 853
808 11 850 854
809 12 851 855
810 10 852 856
811 10 852 857
812 10 852 858
813 8 859 860
814 7 860 861
815 11 859 862
816 11 859 863
817 12 860 864
818 10 861 865
819 10 861 866
820 10 861 867
821 8 868 869
822 7 869 870
823 11 868 871
824 11 868 872
825 12 869 873
826 10 870 874
827 10 870 875
828 10 870 876
829 8 877 878
830 7 878 879
831 11 877 880
832 11 877 881
833 12 878 882
834 10 879 883
835 10 879 884
836 10 879 885
837 8 886 887
838 7 887 888
839 11 886 889
840 11 886 890
841 12 887 891
842 10 888 892
843 10 888 893
844 10 888 894
845 5 895 896
846 4 896 897
847 11 895 898
848 11 895 899
849 11 896 900
850 11 896 901
851 10 897 902
852 10 897 903
853 10 897 904
854 8 454 463
855 8 464 472
856 8 473 481
857 8 482 490
858 8 491 499
859 8 500 508
860 8 509 517
861 8 518 526
862 8 527 535
863 8 536 544
864 8 545 553
865 8 554 562
866 8 563 571
867 8 572 580
868 8 581 589
869 8 590 598
870 8 599 607
871 8 608 616
872 8 617 625
873 8 626 634
874 8 635 643
875 8 644 652
876 8 653 661
877 8 662 670
878 8 671 679
879 8 680 688
880 8 689 697
881 8 698 706
882 8 707 715
883 8 716 724
884 8 725 733
885 8 734 742
886 8 743 751
887 8 752 760
888 8 761 769
889 8 770 778
890 8 779 787
891 8 788 796
892 8 797 805
893 8 806 814
894 8 815 823
895 8 824 832
896 8 833 841
897 8 842 850
898 8 851 859
899 8 860 868
900 8 869 877
901 8 878 886
902 8 887 895
903 7 905 906
904 7 906 907
905 10 905 908
906 10 905 909
907 10 905 910
908 12 906 911
909 10 907 912
910 10 907 913
911 10 907 914
912 8 915 916
913 7 916 917
914 11 915 918
915 11 915 919
916 12 916 920
917 10 917 921
918 10 917 922
919 10 917 923
920 8 924 925
921 7 925 926
922 11 924 927
923 11 924 928
924 12 925 929
925 10 926 930
926 10 926 931
927 10 926 932
928 8 933 934
929 7 934 935
930 11 933 936
931 11 933 937
932 12 934 938
933 10 935 939
934 10 935 940
935 10 935 941
936 8 942 943
937 7 943 944
938 11 942 945
939 11 942 946
940 12 943 947
941 10 944 948
942 10 944 949
943 10 944 950
944 8 951 952
945 7 952 953
946 11 951 954
947 11 951 955
948 12 952 956
949 10 953 957
950 10 953 958
951 10 953 959
952 8 960 961
953 7 961 962
954 11 960 963
955 11 960 964
956 12 961 965
957 10 962 966
958 10 962 967
959 10 962 968
960 8 969 970
961 7 970 971
962 11 969 972
963 11 969 973
964 12 970 974
965 10 971 975
966 10 971 976
967 10 971 977
968 8 978 979
969 7 979 980
970 11 978 981
971 11 978 982
972 12 979 983
973 10 980 984
974 10 980 985
975 10 980 986
976 8 987 988
977 7 988 989
978 11 987 990
979 11 987 991
980 12 988 992
981 10 989 993
982 10 989 994
983 10 989 995
984 8 996 997
985 7 997 998
986 11 996 999
987 11 996 1000
988 12 997 1001
989 10 998 1002
990 10 998 1003
991 10 998 1004
992 8 1005 1006
993 7 1006 1007
994 11 1005 1008
995 11 1005 1009
996 12 1006 1010
997 10 1007 1011
998 10 1007 1012
999 10 1007 1013
1000 8 1014 1015
1001 7 1015 1016
1002 11 1014 1017
1003 11 1014 1018
1004 12 1015 1019
1005 10 1016 1020
1006 10 1016 1021
1007 10 1016 1022
1008 8 1023 1024
1009 7 1024 1025
1010 11 1023 1026
1011 11 1023 1027
1012 12 1024 1028
1013 10 1025 1029
1014 10 1025 1030
1015 10 1025 1031
1016 8 1032 1033
1017 7 1033 1034
1018 11 1032 1035
1019 11 1032 1036
1020 12 1033 1037
1021 10 1034 1038
1022 10 1034 1039
1023 10 1034 1040
1024 8 1041 1042
1025 7 1042 1043
1026 11 1041 1044
1027 11 1041 1045
1028 12 1042 1046
1029 10 1043 1047
1030 10 1043 1048
1031 10 1043 1049
1032 8 1050 1051
1033 7 1051 1052
1034 11 1050 1053
1035 11 1050 1054
1036 12 1051 1055
1037 10 1052 1056
1038 10 1052 1057
1039 10 1052 1058
1040 8 1059 1060
1041 7 1060 1061
1042 11 1059 1062
1043 11 1059 1063
1044 12 1060 1064
1045 10 1061 1065
1046 10 1061 1066
1047 10 1061 1067
1048 8 1068 1069
1049 7 1069 1070
1050 11 1068 1071
1051 11 1068 1072
1052 12 1069 1073
1053 10 1070 1074
1054 10 1070 1075
1055 10 1070 1076
1056 8 1077 1078
1057 7 1078 1079
1058 11 1077 1080
1059 11 1077 1081
1060 12 1078 1082
1061 10 1079 1083
1062 10 1079 1084
1063 10 1079 1085
1064 8 1086 1087
1065 7 1087 1088
1066 11 1086 1089
1067 11 1086 1090
1068 12 1087 1091
1069 10 1088 1092
1070 10 1088 1093
1071 10 1088 1094
1072 8 1095 1096
1073 7 1096 1097
1074 11 1095 1098
1075 11 1095 1099
1076 12 1096 1100
1077 10 1097 1101
1078 10 1097 1102
1079 10 1097 1103
1080 8 1104 1105
1081 7 1105 1106
1082 11 1104 1107
1083 11 1104 1108
1084 12 1105 1109
1085 10 1106 1110
1086 10 1106 1111
1087 10 1106 1112
1088 8 1113 1114
1089 7 1114 1115
1090 11 1113 1116
1091 11 1113 1117
1092 12 1114 1118
1093 10 1115 1119
1094 10 1115 1120
1095 10 1115 1121
1096 8 1122 1123
1097 7 1123 1124
1098 11 1122 1125
1099 11 1122 1126
1100 12 1123 1127
1101 10 1124 1128
1102 10 1124 1129
1103 10 1124 1130
1104 8 1131 1132
1105 7 1132 1133
1106 11 1131 1134
1107 11 1131 1135
1108 12 1132 1136
1109 10 1133 1137
1110 10 1133 1138
1111 10 1133 1139
1112 8 1140 1141
1113 7 1141 1142
1114 11 1140 1143
1115 11 1140 1144
1116 12 1141 1145
1117 10 1142 1146
1118 10 1142 1147
1119 10 1142 1148
1120 8 1149 1150
1121 7 1150 1151
1122 11 1149 1152
1123 11 1149 1153
1124 12 1150 1154
1125 10 1151 1155
1126 10 1151 1156
1127 10 1151 1157
1128 8 1158 1159
1129 7 1159 1160
1130 11 1158 1161
1131 11 1158 1162
1132 12 1159 1163
1133 10 1160 1164
1134 10 1160 1165
1135 10 1160 1166
1136 8 1167 1168
1137 7 1168 1169
1138 11 1167 1170
1139 11 1167 1171
1140 12 1168 1172
1141 10 1169 1173
1142 10 1169 1174
1143 10 1169 1175
1144 8 1176 1177
1145 7 1177 1178
1146 11 1176 1179
1147 11 1176 1180
1148 12 1177 1181
1149 10 1178 1182
1150 10 1178 1183
1151 10 1178 1184
1152 8 1185 1186
1153 7 1186 1187
1154 11 1185 1188
1155 11 1185 1189
1156 12 1186 1190
1157 10 1187 1191
1158 10 1187 1192
1159 10 1187 1193
1160 8 1194 1195
1161 7 1195 1196
1162 11 1194 1197
1163 11 1194 1198
1164 12 1195 1199
1165 10 1196 1200
1166 10 1196 1201
1167 10 1196 1202
1168 8 1203 1204
1169 7 1204 1205
1170 11 1203 1206
1171 11 1203 1207
1172 12 1204 1208
1173 10 1205 1209
1174 10 1205 1210
1175 10 1205 1211
1176 8 1212 1213
1177 7 1213 1214
1178 11 1212 1215
1179 11 1212 1216
1180 12 1213 1217
1181 10 1214 1218
1182 10 1214 1219
1183 10 1214 1220
1184 8 1221 1222
1185 7 1222 1223
1186 11 1221 1224
1187 11 1221 1225
1188 12 1222 1226
1189 10 1223 1227
1190 10 1223 1228
1191 10 1223 1229
1192 8 1230 1231
1193 7 1231 1232
1194 11 1230 1233
1195 11 1230 1234
1196 12 1231 1235
1197 10 1232 1236
1198 10 1232 1237
1199 10 1232 1238
1200 8 1239 1240
1201 7 1240 1241
1202 11 1239 1242
1203 11 1239 1243
1204 12 1240 1244
1205 10 1241 1245
1206 10 1241 1246
1207 10 1241 1247
1208 8 1248 1249
1209 7 1249 1250
1210 11 1248 1251
1211 11 1248 1252
1212 12 1249 1253
1213 10 1250 1254
1214 10 1250 1255
1215 10 1250 1256
1216 8 1257 1258
1217 7 1258 1259
1218 11 1257 1260
1219 11 1257 1261
1220 12 1258 1262
1221 10 1259 1263
1222 10 1259 1264
1223 10 1259 1265
1224 8 1266 1267
1225 7 1267 1268
1226 11 1266 1269
1227 11 1266 1270
1228 12 1267 1271
1229 10 1268 1272
1230 10 1268 1273
1231 10 1268 1274
1232 8 1275 1276
1233 7 1276 1277
1234 11 1275 1278
1235 11 1275 1279
1236 12 1276 1280
1237 10 1277 1281
1238 10 1277 1282
1239 10 1277 1283
1240 8 1284 1285
1241 7 1285 1286
1242 11 1284 1287
1243 11 1284 1288
1244 12 1285 1289
1245 10 1286 1290
1246 10 1286 1291
1247 10 1286 1292
1248 8 1293 1294
1249 7 1294 1295
1250 11 1293 1296
1251 11 1293 1297
1252 12 1294 1298
1253 10 1295 1299
1254 10 1295 1300
1255 10 1295 1301
1256 8 1302 1303
1257 7 1303 1304
1258 11 1302 1305
1259 11 1302 1306
1260 12 1303 1307
1261 10 1304 1308
1262 10 1304 1309
1263 10 1304 1310
1264 8 1311 1312
1265 7 1312 1313
1266 11 1311 1314
1267 11 1311 1315
1268 12 1312 1316
1269 10 1313 1317
1270 10 1313 1318
1271 10 1313 1319
1272 8 1320 1321
1273 7 1321 1322
1274 11 1320 1323
1275 11 1320 1324
1276 12 1321 1325
1277 10 1322 1326
1278 10 1322 1327
1279 10 1322 1328
1280 8 1329 1330
1281 7 1330 1331
1282 11 1329 1332
1283 11 1329 1333
1284 12 1330 1334
1285 10 1331 1335
1286 10 1331 1336
1287 10 1331 1337
1288 8 1338 1339
1289 7 1339 1340
1290 11 1338 1341
1291 11 1338 1342
1292 12 1339 1343
1293 10 1340 1344
1294 10 1340 1345
1295 10 1340 1346
1296 5 1347 1348
1297 4 1348 1349
1298 11 1347 1350
1299 11 1347 1351
1300 11 1348 1352
1301 11 1348 1353
1302 10 1349 1354
1303 10 1349 1355
1304 10 1349 1356
1305 8 906 915
1306 8 916 924
1307 8 925 933
1308 8 934 942
1309 8 943 951
1310 8 952 960
1311 8 961 969
1312 8 970 978
1313 8 979 987
1314 8 988 996
1315 8 997 1005
1316 8 1006 1014
1317 8 1015 1023
1318 8 1024 1032
1319 8 1033 1041
1320 8 1042 1050
1321 8 1051 1059
1322 8 1060 1068
1323 8 1069 1077
1324 8 1078 1086
1325 8 1087 1095
1326 8 1096 1104
1327 8 1105 1113
1328 8 1114 1122
1329 8 1123 1131
1330 8 1132 1140
1331 8 1141 1149
1332 8 1150 1158
1333 8 1159 1167
1334 8 1168 1176
1335 8 1177 1185
1336 8 1186 1194
1337 8 1195 1203
1338 8 1204 1212
1339 8 1213 1221
1340 8 1222 1230
1341 8 1231 1239
1342 8 1240 1248
1343 8 1249 1257
1344 8 1258 1266
1345 8 1267 1275
1346 8 1276 1284
1347 8 1285 1293
1348 8 1294 1302
1349 8 1303 1311
1350 8 1312 1320
1351 8 1321 1329
1352 8 1330 1338
1353 8 1339 1347
1354 7 1357 1358
1355 7 1358 1359
1356 10 1357 1360
1357 10 1357 1361
1358 10 1357 1362
1359 12 1358 1363
1360 10 1359 1364
1361 10 1359 1365
1362 10 1359 1366
1363 8 1367 1368
1364 7 1368 1369
1365 11 1367 1370
1366 11 1367 1371
1367 12 1368 1372
1368 10 1369 1373
1369 10 1369 1374
1370 10 1369 1375
1371 8 1376 1377
1372 7 1377 1378
1373 11 1376 1379
1374 11 1376 1380
1375 12 1377 1381
1376 10 1378 1382
1377 10 1378 1383
1378 10 1378 1384
1379 8 1385 1386
1380 7 1386 1387
1381 11 1385 1388
1382 11 1385 1389
1383 12 1386 1390
1384 10 1387 1391
1385 10 1387 1392
1386 10 1387 1393
1387 8 1394 1395
1388 7 1395 1396
1389 11 1394 1397
1390 11 1394 1398
1391 12 1395 1399
1392 10 1396 1400
1393 10 1396 1401
1394 10 1396 1402
1395 8 1403 1404
1396 7 1404 1405
1397 11 1403 1406
1398 11 1403 1407
1399 12 1404 1408
1400 10 1405 1409
1401 10 1405 1410
1402 10 1405 1411
1403 8 1412 1413
1404 7 1413 1414
1405 11 1412 1415
1406 11 1412 1416
1407 12 1413 1417
1408 10 1414 1418
1409 10 1414 1419
1410 10 1414 1420
1411 8 1421 1422
1412 7 1422 1423
1413 11 1421 1424
1414 11 1421 1425
1415 12 1422 1426
1416 10 1423 1427
1417 10 1423 1428
1418 10 1423 1429
1419 8 1430 1431
1420 7 1431 1432
1421 11 1430 1433
1422 11 1430 1434
1423 12 1431 1435
1424 10 1432 1436
1425 10 1432 1437
1426 10 1432 1438
1427 8 1439 1440
1428 7 1440 1441
1429 11 1439 1442
1430 11 1439 1443
1431 12 1440 1444
1432 10 1441 1445
1433 10 1441 1446
1434 10 1441 1447
1435 8 1448 1449
1436 7 1449 1450
1437 11 1448 1451
1438 11 1448 1452
1439 12 1449 1453
1440 10 1450 1454
1441 10 1450 1455
1442 10 1450 1456
1443 8 1457 1458
1444 7 1458 1459
1445 11 1457 1460
1446 11 1457 1461
1447 12 1458 1462
1448 10 1459 1463
1449 10 1459 1464
1450 10 1459 1465
1451 8 1466 1467
1452 7 1467 1468
1453 11 1466 1469
1454 11 1466 1470
1455 12 1467 1471
1456 10 1468 1472
1457 10 1468 1473
1458 10 1468 1474
1459 8 1475 1476
1460 7 1476 1477
1461 11 1475 1478
1462 11 1475 1479
1463 12 1476 1480
1464 10 1477 1481
1465 10 1477 1482
1466 10 1477 1483
1467 8 1484 1485
1468 7 1485 1486
1469 11 1484 1487
1470 11 1484 1488
1471 12 1485 1489
1472 10 1486 1490
1473 10 1486 1491
1474 10 1486 1492
1475 8 1493 1494
1476 7 1494 1495
1477 11 1493 1496
1478 11 1493 1497
1479 12 1494 1498
1480 10 1495 1499
1481 10 1495 1500
1482 10 1495 1501
1483 8 1502 1503
1484 7 1503 1504
1485 11 1502 1505
1486 11 1502 1506
1487 12 1503 1507
1488 10 1504 1508
1489 10 1504 1509
1490 10 1504 1510
1491 8 1511 1512
1492 7 1512 1513
1493 11 1511 1514
1494 11 1511 1515
1495 12 1512 1516
1496 10 1513 1517
1497 10 1513 1518
1498 10 1513 1519
1499 8 1520 1521
1500 7 1521 1522
1501 11 1520 1523
1502 11 1520 1524
1503 12 1521 1525
1504 10 1522 1526
1505 10 1522 1527
1506 10 1522 1528
1507 8 1529 1530
1508 7 1530 1531
1509 11 1529 1532
1510 11 1529 1533
1511 12 1530 1534
1512 10 1531 1535
1513 10 1531 1536
1514 10 1531 1537
1515 8 1538 1539
1516 7 1539 1540
1517 11 1538 1541
1518 11 1538 1542
1519 12 1539 1543
1520 10 1540 1544
1521 10 1540 1545
1522 10 1540 1546
1523 8 1547 1548
1524 7 1548 1549
1525 11 1547 1550
1526 11 1547 1551
1527 12 1548 1552
1528 10 1549 1553
1529 10 1549 1554
1530 10 1549 1555
1531 8 1556 1557
1532 7 1557 1558
1533 11 1556 1559
1534 11 1556 1560
1535 12 1557 1561
1536 10 1558 1562
1537 10 1558 1563
1538 10 1558 1564
1539 8 1565 1566
1540 7 1566 1567
1541 11 1565 1568
1542 11 1565 1569
1543 12 1566 1570
1544 10 1567 1571
1545 10 1567 1572
1546 10 1567 1573
1547 8 1574 1575
1548 7 1575 1576
1549 11 1574 1577
1550 11 1574 1578
1551 12 1575 1579
1552 10 1576 1580
1553 10 1576 1581
1554 10 1576 1582
1555 8 1583 1584
1556 7 1584 1585
1557 11 1583 1586
1558 11 1583 1587
1559 12 1584 1588
1560 10 1585 1589
1561 10 1585 1590
1562 10 1585 1591
1563 8 1592 1593
1564 7 1593 1594
1565 11 1592 1595
1566 11 1592 1596
1567 12 1593 1597
1568 10 1594 1598
1569 10 1594 1599
1570 10 1594 1600
1571 8 1601 1602
1572 7 1602 1603
1573 11 1601 1604
1574 11 1601 1605
1575 12 1602 1606
1576 10 1603 1607
1577 10 1603 1608
1578 10 1603 1609
1579 8 1610 1611
1580 7 1611 1612
1581 11 1610 1613
1582 11 1610 1614
1583 12 1611 1615
1584 10 1612 1616
1585 10 1612 1617
1586 10 1612 1618
1587 8 1619 1620
1588 7 1620 1621
1589 11 1619 1622
1590 11 1619 1623
1591 12 1620 1624
1592 10 1621 1625
1593 10 1621 1626
1594 10 1621 1627
1595 8 1628 1629
1596 7 1629 1630
1597 11 1628 1631
1598 11 1628 1632
1599 12 1629 1633
1600 10 1630 1634
1601 10 1630 1635
1602 10 1630 1636
1603 8 1637 1638
1604 7 1638 1639
1605 11 1637 1640
1606 11 1637 1641
1607 12 1638 1642
1608 10 1639 1643
1609 10 1639 1644
1610 10 1639 1645
1611 8 1646 1647
1612 7 1647 1648
1613 11 1646 1649
1614 11 1646 1650
1615 12 1647 1651
1616 10 1648 1652
1617 10 1648 1653
1618 10 1648 1654
1619 8 1655 1656
1620 7 1656 1657
1621 11 1655 1658
1622 11 1655 1659
1623 12 1656 1660
1624 10 1657 1661
1625 10 1657 1662
1626 10 1657 1663
1627 8 1664 1665
1628 7 1665 1666
1629 11 1664 1667
1630 11 1664 1668
1631 12 1665 1669
1632 10 1666 1670
1633 10 1666 1671
1634 10 1666 1672
1635 8 1673 1674
1636 7 1674 1675
1637 11 1673 1676
1638 11 1673 1677
1639 12 1674 1678
1640 10 1675 1679
1641 10 1675 1680
1642 10 1675 1681
1643 8 1682 1683
1644 7 1683 1684
1645 11 1682 1685
1646 11 1682 1686
1647 12 1683 1687
1648 10 1684 1688
1649 10 1684 1689
1650 10 1684 1690
1651 8 1691 1692
1652 7 1692 1693
1653 11 1691 1694
1654 11 1691 1695
1655 12 1692 1696
1656 10 1693 1697
1657 10 1693 1698
1658 10 1693 1699
1659 8 1700 1701
1660 7 1701 1702
1661 11 1700 1703
1662 11 1700 1704
1663 12 1701 1705
1664 10 1702 1706
1665 10 1702 1707
1666 10 1702 1708
1667 8 1709 1710
1668 7 1710 1711
1669 11 1709 1712
1670 11 1709 1713
1671 12 1710 1714
1672 10 1711 1715
1673 10 1711 1716
1674 10 1711 1717
1675 8 1718 1719
1676 7 1719 1720
1677 11 1718 1721
1678 11 1718 1722
1679 12 1719 1723
1680 10 1720 1724
1681 10 1720 1725
1682 10 1720 1726
1683 8 1727 1728
1684 7 1728 1729
1685 11 1727 1730
1686 11 1727 1731
1687 12 1728 1732
1688 10 1729 1733
1689 10 1729 1734
1690 10 1729 1735
1691 8 1736 1737
1692 7 1737 1738
1693 11 1736 1739
1694 11 1736 1740
1695 12 1737 1741
1696 10 1738 1742
1697 10 1738 1743
1698 10 1738 1744
1699 8 1745 1746
1700 7 1746 1747
1701 11 1745 1748
1702 11 1745 1749
1703 12 1746 1750
1704 10 1747 1751
1705 10 1747 1752
1706 10 1747 1753
1707 8 1754 1755
1708 7 1755 1756
1709 11 1754 1757
1710 11 1754 1758
1711 12 1755 1759
1712 10 1756 1760
1713 10 1756 1761
1714 10 1756 1762
1715 8 1763 1764
1716 7 1764 1765
1717 11 1763 1766
1718 11 1763 1767
1719 12 1764 1768
1720 10 1765 1769
1721 10 1765 1770
1722 10 1765 1771
1723 8 1772 1773
1724 7 1773 1774
1725 11 1772 1775
1726 11 1772 1776
1727 12 1773 1777
1728 10 1774 1778
1729 10 1774 1779
1730 10 1774 1780
1731 8 1781 1782
1732 7 1782 1783
1733 11 1781 1784
1734 11 1781 1785
1735 12 1782 1786
1736 10 1783 1787
1737 10 1783 1788
1738 10 1783 1789
1739 8 1790 1791
1740 7 1791 1792
1741 11 1790 1793
1742 11 1790 1794
1743 12 1791 1795
1744 10 1792 1796
1745 10 1792 1797
1746 10 1792 1798
1747 5 1799 1800
1748 4 1800 1801
1749 11 1799 1802
1750 11 1799 1803
1751 11 1800 1804
1752 11 1800 1805
1753 10 1801 1806
1754 10 1801 1807
1755 10 1801 1808
1756 8 1358 1367
1757 8 1368 1376
1758 8 1377 1385
1759 8 1386 1394
1760 8 1395 1403
1761 8 1404 1412
1762 8 1413 1421
1763 8 1422 1430
1764 8 1431 1439
1765 8 1440 1448
1766 8 1449 1457
1767 8 1458 1466
1768 8 1467 1475
1769 8 1476 1484
1770 8 1485 1493
1771 8 1494 1502
1772 8 1503 1511
1773 8 1512 1520
1774 8 1521 1529
1775 8 1530 1538
1776 8 1539 1547
1777 8 1548 1556
1778 8 1557 1565
1779 8 1566 1574
1780 8 1575 1583
1781 8 1584 1592
1782 8 1593 1601
1783 8 1602 1610
1784 8 1611 1619
1785 8 1620 1628
1786 8 1629 1637
1787 8 1638 1646
1788 8 1647 1655
1789 8 1656 1664
1790 8 1665 1673
1791 8 1674 1682
1792 8 1683 1691
1793 8 1692 1700
1794 8 1701 1709
1795 8 1710 1718
1796 8 1719 1727
1797 8 1728 1736
1798 8 1737 1745
1799 8 1746 1754
1800 8 1755 1763
1801 8 1764 1772
1802 8 1773 1781
1803 8 1782 1790
1804 8 1791 1799
1805 7 1809 1810
1806 7 1810 1811
1807 10 1809 1812
1808 10 1809 1813
1809 10 1809 1814
1810 12 1810 1815
1811 10 1811 1816
1812 10 1811 1817
1813 10 1811 1818
1814 8 1819 1820
1815 7 1820 1821
1816 11 1819 1822
1817 11 1819 1823
1818 12 1820 1824
1819 10 1821 1825
1820 10 1821 1826
1821 10 1821 1827
1822 8 1828 1829
1823 7 1829 1830
1824 11 1828 1831
1825 11 1828 1832
1826 12 1829 1833
1827 10 1830 1834
1828 10 1830 1835
1829 10 1830 1836
1830 8 1837 1838
1831 7 1838 1839
1832 11 1837 1840
1833 11 1837 1841
1834 12 1838 1842
1835 10 1839 1843
1836 10 1839 1844
1837 10 1839 1845
1838 8 1846 1847
1839 7 1847 1848
1840 11 1846 1849
1841 11 1846 1850
1842 12 1847 1851
1843 10 1848 1852
1844 10 1848 1853
1845 10 1848 1854
1846 8 1855 1856
1847 7 1856 1857
1848 11 1855 1858
1849 11 1855 1859
1850 12 1856 1860
1851 10 1857 1861
1852 10 1857 1862
1853 10 1857 1863
1854 8 1864 1865
1855 7 1865 1866
1856 11 1864 1867
1857 11 1864 1868
1858 12 1865 1869
1859 10 1866 1870
1860 10 1866 1871
1861 10 1866 1872
1862 8 1873 1874
1863 7 1874 1875
1864 11 1873 1876
1865 11 1873 1877
1866 12 1874 1878
1867 10 1875 1879
1868 10 1875 1880
1869 10 1875 1881
1870 8 1882 1883
1871 7 1883 1884
1872 11 1882 1885
1873 11 1882 1886
1874 12 1883 1887
1875 10 1884 1888
1876 10 1884 1889
1877 10 1884 1890
1878 8 1891 1892
1879 7 1892 1893
1880 11 1891 1894
1881 11 1891 1895
1882 12 1892 1896
1883 10 1893 1897
1884 10 1893 1898
1885 10 1893 1899
1886 8 1900 1901
1887 7 1901 1902
1888 11 1900 1903
1889 11 1900 1904
1890 12 1901 1905
1891 10 1902 1906
1892 10 1902 1907
1893 10 1902 1908
1894 8 1909 1910
1895 7 1910 1911
1896 11 1909 1912
1897 11 1909 1913
1898 12 1910 1914
1899 10 1911 1915
1900 10 1911 1916
1901 10 1911 1917
1902 8 1918 1919
1903 7 1919 1920
1904 11 1918 1921
1905 11 1918 1922
1906 12 1919 1923
1907 10 1920 1924
1908 10 1920 1925
1909 10 1920 1926
1910 8 1927 1928
1911 7 1928 1929
1912 11 1927 1930
1913 11 1927 1931
1914 12 1928 1932
1915 10 1929 1933
1916 10 1929 1934
1917 10 1929 1935
1918 8 1936 1937
1919 7 1937 1938
1920 11 1936 1939
1921 11 1936 1940
1922 12 1937 1941
1923 10 1938 1942
1924 10 1938 1943
1925 10 1938 1944
1926 8 1945 1946
1927 7 1946 1947
1928 11 1945 1948
1929 11 1945 1949
1930 12 1946 1950
1931 10 1947 1951
1932 10 1947 1952
1933 10 1947 1953
1934 8 1954 1955
1935 7 1955 1956
1936 11 1954 1957
1937 11 1954 1958
1938 12 1955 1959
1939 10 1956 1960
1940 10 1956 1961
1941 10 1956 1962
1942 8 1963 1964
1943 7 1964 1965
1944 11 1963 1966
1945 11 1963 1967
1946 12 1964 1968
1947 10 1965 1969
1948 10 1965 1970
1949 10 1965 1971
1950 8 1972 1973
1951 7 1973 1974
1952 11 1972 1975
1953 11 1972 1976
1954 12 1973 1977
1955 10 1974 1978
1956 10 1974 1979
1957 10 1974 1980
1958 8 1981 1982
1959 7 1982 1983
1960 11 1981 1984
1961 11 1981 1985
1962 12 1982 1986
1963 10 1983 1987
1964 10 1983 1988
1965 10 1983 1989
1966 8 1990 1991
1967 7 1991 1992
1968 11 1990 1993
1969 11 1990 1994
1970 12 1991 1995
1971 10 1992 1996
1972 10 1992 1997
1973 10 1992 1998
1974 8 1999 2000
1975 7 2000 2001
1976 11 1999 2002
1977 11 1999 2003
1978 12 2000 2004
1979 10 2001 2005
1980 10 2001 2006
1981 10 2001 2007
1982 8 2008 2009
1983 7 2009 2010
1984 11 2008 2011
1985 11 2008 2012
1986 12 2009 2013
1987 10 2010 2014
1988 10 2010 2015
1989 10 2010 2016
1990 8 2017 2018
1991 7 2018 2019
1992 11 2017 2020
1993 11 2017 2021
1994 12 2018 2022
1995 10 2019 2023
1996 10 2019 2024
1997 10 2019 2025
1998 8 2026 2027
1999 7 2027 2028
2000 11 2026 2029
2001 11 2026 2030
2002 12 2027 2031
2003 10 2028 2032
2004 10 2028 2033
2005 10 2028 2034
2006 8 2035 2036
2007 7 2036 2037
2008 11 2035 2038
2009 11 2035 2039
2010 12 2036 2040
2011 10 2037 2041
2012 10 2037 2042
2013 10 2037 2043
2014 8 2044 2045
2015 7 2045 2046
2016 11 2044 2047
2017 11 2044 2048
2018 12 2045 2049
2019 10 2046 2050
2020 10 2046 2051
2021 10 2046 2052
2022 8 2053 2054
2023 7 2054 2055
2024 11 2053 2056
2025 11 2053 2057
2026 12 2054 2058
2027 10 2055 2059
2028 10 2055 2060
2029 10 2055 2061
2030 8 2062 2063
2031 7 2063 2064
2032 11 2062 2065
2033 11 2062 2066
2034 12 2063 2067
2035 10 2064 2068
2036 10 2064 2069
2037 10 2064 2070
2038 8 2071 2072
2039 7 2072 2073
2040 11 2071 2074
2041 11 2071 2075
2042 12 2072 2076
2043 10 2073 2077
2044 10 2073 2078
2045 10 2073 2079
2046 8 2080 2081
2047 7 2081 2082
2048 11 2080 2083
2049 11 2080 2084
2050 12 2081 2085
2051 10 2082 2086
2052 10 2082 2087
2053 10 2082 2088
2054 8 2089 2090
2055 7 2090 2091
2056 11 2089 2092
2057 11 2089 2093
2058 12 2090 2094
2059 10 2091 2095
2060 10 2091 2096
2061 10 2091 2097
2062 8 2098 2099
2063 7 2099 2100
2064 11 2098 2101
2065 11 2098 2102
2066 12 2099 2103
2067 10 2100 2104
2068 10 2100 2105
2069 10 2100 2106
2070 8 2107 2108
2071 7 2108 2109
2072 11 2107 2110
2073 11 2107 2111
2074 12 2108 2112
2075 10 2109 2113
2076 10 2109 2114
2077 10 2109 2115
2078 8 2116 2117
2079 7 2117 2118
2080 11 2116 2119
2081 11 2116 2120
2082 12 2117 2121
2083 10 2118 2122
2084 10 2118 2123
2085 10 2118 2124
2086 8 2125 2126
2087 7 2126 2127
2088 11 2125 2128
2089 11 2125 2129
2090 12 2126 2130
2091 10 2127 2131
2092 10 2127 2132
2093 10 2127 2133
2094 8 2134 2135
2095 7 2135 2136
2096 11 2134 2137
2097 11 2134 2138
2098 12 2135 2139
2099 10 2136 2140
2100 10 2136 2141
2101 10 2136 2142
2102 8 2143 2144
2103 7 2144 2145
2104 11 2143 2146
2105 11 2143 2147
2106 12 2144 2148
2107 10 2145 2149
2108 10 2145 2150
2109 10 2145 2151
2110 8 2152 2153
2111 7 2153 2154
2112 11 2152 2155
2113 11 2152 2156
2114 12 2153 2157
2115 10 2154 2158
2116 10 2154 2159
2117 10 2154 2160
2118 8 2161 2162
2119 7 2162 2163
2120 11 2161 2164
2121 11 2161 2165
2122 12 2162 2166
2123 10 2163 2167
2124 10 2163 2168
2125 10 2163 2169
2126 8 2170 2171
2127 7 2171 2172
2128 11 2170 2173
2129 11 2170 2174
2130 12 2171 2175
2131 10 2172 2176
2132 10 2172 2177
2133 10 2172 2178
2134 8 2179 2180
2135 7 2180 2181
2136 11 2179 2182
2137 11 2179 2183
2138 12 2180 2184
2139 10 2181 2185
2140 10 2181 2186
2141 10 2181 2187
2142 8 2188 2189
2143 7 2189 2190
2144 11 2188 2191
2145 11 2188 2192
2146 12 2189 2193
2147 10 2190 2194
2148 10 2190 2195
2149 10 2190 2196
2150 8 2197 2198
2151 7 2198 2199
2152 11 2197 2200
2153 11 2197 2201
2154 12 2198 2202
2155 10 2199 2203
2156 10 2199 2204
2157 10 2199 2205
2158 8 2206 2207
2159 7 2207 2208
2160 11 2206 2209
2161 11 2206 2210
2162 12 2207 2211
2163 10 2208 2212
2164 10 2208 2213
2165 10 2208 2214
2166 8 2215 2216
2167 7 2216 2217
2168 11 2215 2218
2169 11 2215 2219
2170 12 2216 2220
2171 10 2217 2221
2172 10 2217 2222
2173 10 2217 2223
2174 8 2224 2225
2175 7 2225 2226
2176 11 2224 2227
2177 11 2224 2228
2178 12 2225 2229
2179 10 2226 2230
2180 10 2226 2231
2181 10 2226 2232
2182 8 2233 2234
2183 7 2234 2235
2184 11 2233 2236
2185 11 2233 2237
2186 12 2234 2238
2187 10 2235 2239
2188 10 2235 2240
2189 10 2235 2241
2190 8 2242 2243
2191 7 2243 2244
2192 11 2242 2245
2193 11 2242 2246
2194 12 2243 2247
2195 10 2244 2248
2196 10 2244 2249
2197 10 2244 2250
2198 5 2251 2252
2199 4 2252 2253
2200 11 2251 2254
2201 11 2251 2255
2202 11 2252 2256
2203 11 2252 2257
2204 10 2253 2258
2205 10 2253 2259
2206 10 2253 2260
2207 8 1810 1819
2208 8 1820 1828
2209 8 1829 1837
2210 8 1838 1846
2211 8 1847 1855
2212 8 1856 1864
2213 8 1865 1873
2214 8 1874 1882
2215 8 1883 1891
2216 8 1892 1900
2217 8 1901 1909
2218 8 1910 1918
2219 8 1919 1927
2220 8 1928 1936
2221 8 1937 1945
2222 8 1946 1954
2223 8 1955 1963
2224 8 1964 1972
2225 8 1973 1981
2226 8 1982 1990
2227 8 1991 1999
2228 8 2000 2008
2229 8 2009 2017
2230 8 2018 2026
2231 8 2027 2035
2232 8 2036 2044
2233 8 2045 2053
2234 8 2054 2062
2235 8 2063 2071
2236 8 2072 2080
2237 8 2081 2089
2238 8 2090 2098
2239 8 2099 2107
2240 8 2108 2116
2241 8 2117 2125
2242 8 2126 2134
2243 8 2135 2143
2244 8 2144 2152
2245 8 2153 2161
2246 8 2162 2170
2247 8 2171 2179
2248 8 2180 2188
2249 8 2189 2197
2250 8 2198 2206
2251 8 2207 2215
2252 8 2216 2224
2253 8 2225 2233
2254 8 2234 2242
2255 8 2243 2251
2256 7 2261 2262
2257 7 2262 2263
2258 10 2261 2264
2259 10 2261 2265
2260 10 2261 2266
2261 12 2262 2267
2262 10 2263 2268
2263 10 2263 2269
2264 10 2263 2270
2265 8 2271 2272
2266 7 2272 2273
2267 11 2271 2274
2268 11 2271 2275
2269 12 2272 2276
2270 10 2273 2277
2271 10 2273 2278
2272 10 2273 2279
2273 8 2280 2281
2274 7 2281 2282
2275 11 2280 2283
2276 11 2280 2284
2277 12 2281 2285
2278 10 2282 2286
2279 10 2282 2287
2280 10 2282 2288
2281 8 2289 2290
2282 7 2290 2291
2283 11 2289 2292
2284 11 2289 2293
2285 12 2290 2294
2286 10 2291 2295
2287 10 2291 2296
2288 10 2291 2297
2289 8 2298 2299
2290 7 2299 2300
2291 11 2298 2301
2292 11 2298 2302
2293 12 2299 2303
2294 10 2300 2304
2295 10 2300 2305
2296 10 2300 2306
2297 8 2307 2308
2298 7 2308 2309
2299 11 2307 2310
2300 11 2307 2311
2301 12 2308 2312
2302 10 2309 2313
2303 10 2309 2314
2304 10 2309 2315
2305 8 2316 2317
2306 7 2317 2318
2307 11 2316 2319
2308 11 2316 2320
2309 12 2317 2321
2310 10 2318 2322
2311 10 2318 2323
2312 10 2318 2324
2313 8 2325 2326
2314 7 2326 2327
2315 11 2325 2328
2316 11 2325 2329
2317 12 2326 2330
2318 10 2327 2331
2319 10 2327 2332
2320 10 2327 2333
2321 8 2334 2335
2322 7 2335 2336
2323 11 2334 2337
2324 11 2334 2338
2325 12 2335 2339
2326 10 2336 2340
2327 10 2336 2341
2328 10 2336 2342
2329 8 2343 2344
2330 7 2344 2345
2331 11 2343 2346
2332 11 2343 2347
2333 12 2344 2348
2334 10 2345 2349
2335 10 2345 2350
2336 10 2345 2351
2337 8 2352 2353
2338 7 2353 2354
2339 11 2352 2355
2340 11 2352 2356
2341 12 2353 2357
2342 10 2354 2358
2343 10 2354 2359
2344 10 2354 2360
2345 8 2361 2362
2346 7 2362 2363
2347 11 2361 2364
2348 11 2361 2365
2349 12 2362 2366
2350 10 2363 2367
2351 10 2363 2368
2352 10 2363 2369
2353 8 2370 2371
2354 7 2371 2372
2355 11 2370 2373
2356 11 2370 2374
2357 12 2371 2375
2358 10 2372 2376
2359 10 2372 2377
2360 10 2372 2378
2361 8 2379 2380
2362 7 2380 2381
2363 11 2379 2382
2364 11 2379 2383
2365 12 2380 2384
2366 10 2381 2385
2367 10 2381 2386
2368 10 2381 2387
2369 8 2388 2389
2370 7 2389 2390
2371 11 2388 2391
2372 11 2388 2392
2373 12 2389 2393
2374 10 2390 2394
2375 10 2390 2395
2376 10 2390 2396
2377 8 2397 2398
2378 7 2398 2399
2379 11 2397 2400
2380 11 2397 2401
2381 12 2398 2402
2382 10 2399 2403
2383 10 2399 2404
2384 10 2399 2405
2385 8 2406 2407
2386 7 2407 2408
2387 11 2406 2409
2388 11 2406 2410
2389 12 2407 2411
2390 10 2408 2412
2391 10 2408 2413
2392 10 2408 2414
2393 8 2415 2416
2394 7 2416 2417
2395 11 2415 2418
2396 11 2415 2419
2397 12 2416 2420
2398 10 2417 2421
2399 10 2417 2422
2400 10 2417 2423
2401 8 2424 2425
2402 7 2425 2426
2403 11 2424 2427
2404 11 2424 2428
2405 12 2425 2429
2406 10 2426 2430
2407 10 2426 2431
2408 10 2426 2432
2409 8 2433 2434
2410 7 2434 2435
2411 11 2433 2436
2412 11 2433 2437
2413 12 2434 2438
2414 10 2435 2439
2415 10 2435 2440
2416 10 2435 2441
2417 8 2442 2443
2418 7 2443 2444
2419 11 2442 2445
2420 11 2442 2446
2421 12 2443 2447
2422 10 2444 2448
2423 10 2444 2449
2424 10 2444 2450
2425 8 2451 2452
2426 7 2452 2453
2427 11 2451 2454
2428 11 2451 2455
2429 12 2452 2456
2430 10 2453 2457
2431 10 2453 2458
2432 10 2453 2459
2433 8 2460 2461
2434 7 2461 2462
2435 11 2460 2463
2436 11 2460 2464
2437 12 2461 2465
2438 10 2462 2466
2439 10 2462 2467
2440 10 2462 2468
2441 8 2469 2470
2442 7 2470 2471
2443 11 2469 2472
2444 11 2469 2473
2445 12 2470 2474
2446 10 2471 2475
2447 10 2471 2476
2448 10 2471 2477
2449 8 2478 2479
2450 7 2479 2480
2451 11 2478 2481
2452 11 2478 2482
2453 12 2479 2483
2454 10 2480 2484
2455 10 2480 2485
2456 10 2480 2486
2457 8 2487 2488
2458 7 2488 2489
2459 11 2487 2490
2460 11 2487 2491
2461 12 2488 2492
2462 10 2489 2493
2463 10 2489 2494
2464 10 2489 2495
2465 8 2496 2497
2466 7 2497 2498
2467 11 2496 2499
2468 11 2496 2500
2469 12 2497 2501
2470 10 2498 2502
2471 10 2498 2503
2472 10 2498 2504
2473 8 2505 2506
2474 7 2506 2507
2475 11 2505 2508
2476 11 2505 2509
2477 12 2506 2510
2478 10 2507 2511
2479 10 2507 2512
2480 10 2507 2513
2481 8 2514 2515
2482 7 2515 2516
2483 11 2514 2517
2484 11 2514 2518
2485 12 2515 2519
2486 10 2516 2520
2487 10 2516 2521
2488 10 2516 2522
2489 8 2523 2524
2490 7 2524 2525
2491 11 2523 2526
2492 11 2523 2527
2493 12 2524 2528
2494 10 2525 2529
2495 10 2525 2530
2496 10 2525 2531
2497 8 2532 2533
2498 7 2533 2534
2499 11 2532 2535
2500 11 2532 2536
2501 12 2533 2537
2502 10 2534 2538
2503 10 2534 2539
2504 10 2534 2540
2505 8 2541 2542
2506 7 2542 2543
2507 11 2541 2544
2508 11 2541 2545
2509 12 2542 2546
2510 10 2543 2547
2511 10 2543 2548
2512 10 2543 2549
2513 8 2550 2551
2514 7 2551 2552
2515 11 2550 2553
2516 11 2550 2554
2517 12 2551 2555
2518 10 2552 2556
2519 10 2552 2557
2520 10 2552 2558
2521 8 2559 2560
2522 7 2560 2561
2523 11 2559 2562
2524 11 2559 2563
2525 12 2560 2564
2526 10 2561 2565
2527 10 2561 2566
2528 10 2561 2567
2529 8 2568 2569
2530 7 2569 2570
2531 11 2568 2571
2532 11 2568 2572
2533 12 2569 2573
2534 10 2570 2574
2535 10 2570 2575
2536 10 2570 2576
2537 8 2577 2578
2538 7 2578 2579
2539 11 2577 2580
2540 11 2577 2581
2541 12 2578 2582
2542 10 2579 2583
2543 10 2579 2584
2544 10 2579 2585
2545 8 2586 2587
2546 7 2587 2588
2547 11 2586 2589
2548 11 2586 2590
2549 12 2587 2591
2550 10 2588 2592
2551 10 2588 2593
2552 10 2588 2594
2553 8 2595 2596
2554 7 2596 2597
2555 11 2595 2598
2556 11 2595 2599
2557 12 2596 2600
2558 10 2597 2601
2559 10 2597 2602
2560 10 2597 2603
2561 8 2604 2605
2562 7 2605 2606
2563 11 2604 2607
2564 11 2604 2608
2565 12 2605 2609
2566 10 2606 2610
2567 10 2606 2611
2568 10 2606 2612
2569 8 2613 2614
2570 7 2614 2615
2571 11 2613 2616
2572 11 2613 2617
2573 12 2614 2618
2574 10 2615 2619
2575 10 2615 2620
2576 10 2615 2621
2577 8 2622 2623
2578 7 2623 2624
2579 11 2622 2625
2580 11 2622 2626
2581 12 2623 2627
2582 10 2624 2628
2583 10 2624 2629
2584 10 2624 2630
2585 8 2631 2632
2586 7 2632 2633
2587 11 2631 2634
2588 11 2631 2635
2589 12 2632 2636
2590 10 2633 2637
2591 10 2633 2638
2592 10 2633 2639
2593 8 2640 2641
2594 7 2641 2642
2595 11 2640 2643
2596 11 2640 2644
2597 12 2641 2645
2598 10 2642 2646
2599 10 2642 2647
2600 10 2642 2648
2601 8 2649 2650
2602 7 2650 2651
2603 11 2649 2652
2604 11 2649 2653
2605 12 2650 2654
2606 10 2651 2655
2607 10 2651 2656
2608 10 2651 2657
2609 8 2658 2659
2610 7 2659 2660
2611 11 2658 2661
2612 11 2658 2662
2613 12 2659 2663
2614 10 2660 2664
2615 10 2660 2665
2616 10 2660 2666
2617 8 2667 2668
2618 7 2668 2669
2619 11 2667 2670
2620 11 2667 2671
2621 12 2668 2672
2622 10 2669 2673
2623 10 2669 2674
2624 10 2669 2675
2625 8 2676 2677
2626 7 2677 2678
2627 11 2676 2679
2628 11 2676 2680
2629 12 2677 2681
2630 10 2678 2682
2631 10 2678 2683
2632 10 2678 2684
2633 8 2685 2686
2634 7 2686 2687
2635 11 2685 2688
2636 11 2685 2689
2637 12 2686 2690
2638 10 2687 2691
2639 10 2687 2692
2640 10 2687 2693
2641 8 2694 2695
2642 7 2695 2696
2643 11 2694 2697
2644 11 2694 2698
2645 12 2695 2699
2646 10 2696 2700
2647 10 2696 2701
2648 10 2696 2702
2649 5 2703 2704
2650 4 2704 2705
2651 11 2703 2706
2652 11 2703 2707
2653 11 2704 2708
2654 11 2704 2709
2655 10 2705 2710
2656 10 2705 2711
2657 10 2705 2712
2658 8 2262 2271
2659 8 2272 2280
2660 8 2281 2289
2661 8 2290 2298
2662 8 2299 2307
2663 8 2308 2316
2664 8 2317 2325
2665 8 2326 2334
2666 8 2335 2343
2667 8 2344 2352
2668 8 2353 2361
2669 8 2362 2370
2670 8 2371 2379
2671 8 2380 2388
2672 8 2389 2397
2673 8 2398 2406
2674 8 2407 2415
2675 8 2416 2424
2676 8 2425 2433
2677 8 2434 2442
2678 8 2443 2451
2679 8 2452 2460
2680 8 2461 2469
2681 8 2470 2478
2682 8 2479 2487
2683 8 2488 2496
2684 8 2497 2505
2685 8 2506 2514
2686 8 2515 2523
2687 8 2524 2532
2688 8 2533 2541
2689 8 2542 2550
2690 8 2551 2559
2691 8 2560 2568
2692 8 2569 2577
2693 8 2578 2586
2694 8 2587 2595
2695 8 2596 2604
2696 8 2605 2613
2697 8 2614 2622
2698 8 2623 2631
2699 8 2632 2640
2700 8 2641 2649
2701 8 2650 2658
2702 8 2659 2667
2703 8 2668 2676
2704 8 2677 2685
2705 8 2686 2694
2706 8 2695 2703
2707 7 2713 2714
2708 7 2714 2715
2709 10 2713 2716
2710 10 2713 2717
2711 10 2713 2718
2712 12 2714 2719
2713 10 2715 2720
2714 10 2715 2721
2715 10 2715 2722
2716 8 2723 2724
2717 7 2724 2725
2718 11 2723 2726
2719 11 2723 2727
2720 12 2724 2728
2721 10 2725 2729
2722 10 2725 2730
2723 10 2725 2731
2724 8 2732 2733
2725 7 2733 2734
2726 11 2732 2735
2727 11 2732 2736
2728 12 2733 2737
2729 10 2734 2738
2730 10 2734 2739
2731 10 2734 2740
2732 8 2741 2742
2733 7 2742 2743
2734 11 2741 2744
2735 11 2741 2745
2736 12 2742 2746
2737 10 2743 2747
2738 10 2743 2748
2739 10 2743 2749
2740 8 2750 2751
2741 7 2751 2752
2742 11 2750 2753
2743 11 2750 2754
2744 12 2751 2755
2745 10 2752 2756
2746 10 2752 2757
2747 10 2752 2758
2748 8 2759 2760
2749 7 2760 2761
2750 11 2759 2762
2751 11 2759 2763
2752 12 2760 2764
2753 10 2761 2765
2754 10 2761 2766
2755 10 2761 2767
2756 8 2768 2769
2757 7 2769 2770
2758 11 2768 2771
2759 11 2768 2772
2760 12 2769 2773
2761 10 2770 2774
2762 10 2770 2775
2763 10 2770 2776
2764 8 2777 2778
2765 7 2778 2779
2766 11 2777 2780
2767 11 2777 2781
2768 12 2778 2782
2769 10 2779 2783
2770 10 2779 2784
2771 10 2779 2785
2772 8 2786 2787
2773 7 2787 2788
2774 11 2786 2789
2775 11 2786 2790
2776 12 2787 2791
2777 10 2788 2792
2778 10 2788 2793
2779 10 2788 2794
2780 8 2795 2796
2781 7 2796 2797
2782 11 2795 2798
2783 11 2795 2799
2784 12 2796 2800
2785 10 2797 2801
2786 10 2797 2802
2787 10 2797 2803
2788 8 2804 2805
2789 7 2805 2806
2790 11 2804 2807
2791 11 2804 2808
2792 12 2805 2809
2793 10 2806 2810
2794 10 2806 2811
2795 10 2806 2812
2796 8 2813 2814
2797 7 2814 2815
2798 11 2813 2816
2799 11 2813 2817
2800 12 2814 2818
2801 10 2815 2819
2802 10 2815 2820
2803 10 2815 2821
2804 8 2822 2823
2805 7 2823 2824
2806 11 2822 2825
2807 11 2822 2826
2808 12 2823 2827
2809 10 2824 2828
2810 10 2824 2829
2811 10 2824 2830
2812 8 2831 2832
2813 7 2832 2833
2814 11 2831 2834
2815 11 2831 2835
2816 12 2832 2836
2817 10 2833 2837
2818 10 2833 2838
2819 10 2833 2839
2820 8 2840 2841
2821 7 2841 2842
2822 11 2840 2843
2823 11 2840 2844
2824 12 2841 2845
2825 10 2842 2846
2826 10 2842 2847
2827 10 2842 2848
2828 8 2849 2850
2829 7 2850 2851
2830 11 2849 2852
2831 11 2849 2853
2832 12 2850 2854
2833 10 2851 2855
2834 10 2851 2856
2835 10 2851 2857
2836 8 2858 2859
2837 7 2859 2860
2838 11 2858 2861
2839 11 2858 2862
2840 12 2859 2863
2841 10 2860 2864
2842 10 2860 2865
2843 10 2860 2866
2844 8 2867 2868
2845 7 2868 2869
2846 11 2867 2870
2847 11 2867 2871
2848 12 2868 2872
2849 10 2869 2873
2850 10 2869 2874
2851 10 2869 2875
2852 8 2876 2877
2853 7 2877 2878
2854 11 2876 2879
2855 11 2876 2880
2856 12 2877 2881
2857 10 2878 2882
2858 10 2878 2883
2859 10 2878 2884
2860 8 2885 2886
2861 7 2886 2887
2862 11 2885 2888
2863 11 2885 2889
2864 12 2886 2890
2865 10 2887 2891
2866 10 2887 2892
2867 10 2887 2893
2868 8 2894 2895
2869 7 2895 2896
2870 11 2894 2897
2871 11 2894 2898
2872 12 2895 2899
2873 10 2896 2900
2874 10 2896 2901
2875 10 2896 2902
2876 8 2903 2904
2877 7 2904 2905
2878 11 2903 2906
2879 11 2903 2907
2880 12 2904 2908
2881 10 2905 2909
2882 10 2905 2910
2883 10 2905 2911
2884 8 2912 2913
2885 7 2913 2914
2886 11 2912 2915
2887 11 2912 2916
2888 12 2913 2917
2889 10 2914 2918
2890 10 2914 2919
2891 10 2914 2920
2892 8 2921 2922
2893 7 2922 2923
2894 11 2921 2924
2895 11 2921 2925
2896 12 2922 2926
2897 10 2923 2927
2898 10 2923 2928
2899 10 2923 2929
2900 8 2930 2931
2901 7 2931 2932
2902 11 2930 2933
2903 11 2930 2934
2904 12 2931 2935
2905 10 2932 2936
2906 10 2932 2937
2907 10 2932 2938
2908 8 2939 2940
2909 7 2940 2941
2910 11 2939 2942
2911 11 2939 2943
2912 12 2940 2944
2913 10 2941 2945
2914 10 2941 2946
2915 10 2941 2947
2916 8 2948 2949
2917 7 2949 2950
2918 11 2948 2951
2919 11 2948 2952
2920 12 2949 2953
2921 10 2950 2954
2922 10 2950 2955
2923 10 2950 2956
2924 8 2957 2958
2925 7 2958 2959
2926 11 2957 2960
2927 11 2957 2961
2928 12 2958 2962
2929 10 2959 2963
2930 10 2959 2964
2931 10 2959 2965
2932 8 2966 2967
2933 7 2967 2968
2934 11 2966 2969
2935 11 2966 2970
2936 12 2967 2971
2937 10 2968 2972
2938 10 2968 2973
2939 10 2968 2974
2940 8 2975 2976
2941 7 2976 2977
2942 11 2975 2978
2943 11 2975 2979
2944 12 2976 2980
2945 10 2977 2981
2946 10 2977 2982
2947 10 2977 2983
2948 8 2984 2985
2949 7 2985 2986
2950 11 2984 2987
2951 11 2984 2988
2952 12 2985 2989
2953 10 2986 2990
2954 10 2986 2991
2955 10 2986 2992
2956 8 2993 2994
2957 7 2994 2995
2958 11 2993 2996
2959 11 2993 2997
2960 12 2994 2998
2961 10 2995 2999
2962 10 2995 3000
2963 10 2995 3001
2964 8 3002 3003
2965 7 3003 3004
2966 11 3002 3005
2967 11 3002 3006
2968 12 3003 3007
2969 10 3004 3008
2970 10 3004 3009
2971 10 3004 3010
2972 8 3011 3012
2973 7 3012 3013
2974 11 3011 3014
2975 11 3011 3015
2976 12 3012 3016
2977 10 3013 3017
2978 10 3013 3018
2979 10 3013 3019
2980 8 3020 3021
2981 7 3021 3022
2982 11 3020 3023
2983 11 3020 3024
2984 12 3021 3025
2985 10 3022 3026
2986 10 3022 3027
2987 10 3022 3028
2988 8 3029 3030
2989 7 3030 3031
2990 11 3029 3032
2991 11 3029 3033
2992 12 3030 3034
2993 10 3031 3035
2994 10 3031 3036
2995 10 3031 3037
2996 8 3038 3039
2997 7 3039 3040
2998 11 3038 3041
2999 11 3038 3042
3000 12 3039 3043
3001 10 3040 3044
3002 10 3040 3045
3003 10 3040 3046
3004 8 3047 3048
3005 7 3048 3049
3006 11 3047 3050
3007 11 3047 3051
3008 12 3048 3052
3009 10 3049 3053
3010 10 3049 3054
3011 10 3049 3055
3012 8 3056 3057
3013 7 3057 3058
3014 11 3056 3059
3015 11 3056 3060
3016 12 3057 3061
3017 10 3058 3062
3018 10 3058 3063
3019 10 3058 3064
3020 8 3065 3066
3021 7 3066 3067
3022 11 3065 3068
3023 11 3065 3069
3024 12 3066 3070
3025 10 3067 3071
3026 10 3067 3072
3027 10 3067 3073
3028 8 3074 3075
3029 7 3075 3076
3030 11 3074 3077
3031 11 3074 3078
3032 12 3075 3079
3033 10 3076 3080
3034 10 3076 3081
3035 10 3076 3082
3036 8 3083 3084
3037 7 3084 3085
3038 11 3083 3086
3039 11 3083 3087
3040 12 3084 3088
3041 10 3085 3089
3042 10 3085 3090
3043 10 3085 3091
3044 8 3092 3093
3045 7 3093 3094
3046 11 3092 3095
3047 11 3092 3096
3048 12 3093 3097
3049 10 3094 3098
3050 10 3094 3099
3051 10 3094 3100
3052 8 3101 3102
3053 7 3102 3103
3054 11 3101 3104
3055 11 3101 3105
3056 12 3102 3106
3057 10 3103 3107
3058 10 3103 3108
3059 10 3103 3109
3060 8 3110 3111
3061 7 3111 3112
3062 11 3110 3113
3063 11 3110 3114
3064 12 3111 3115
3065 10 3112 3116
3066 10 3112 3117
3067 10 3112 3118
3068 8 3119 3120
3069 7 3120 3121
3070 11 3119 3122
3071 11 3119 3123
3072 12 3120 3124
3073 10 3121 3125
3074 10 3121 3126
3075 10 3121 3127
3076 8 3128 3129
3077 7 3129 3130
3078 11 3128 3131
3079 11 3128 3132
3080 12 3129 3133
3081 10 3130 3134
3082 10 3130 3135
3083 10 3130 3136
3084 8 3137 3138
3085 7 3138 3139
3086 11 3137 3140
3087 11 3137 3141
3088 12 3138 3142
3089 10 3139 3143
3090 10 3139 3144
3091 10 3139 3145
3092 8 3146 3147
3093 7 3147 3148
3094 11 3146 3149
3095 11 3146 3150
3096 12 3147 3151
3097 10 3148 3152
3098 10 3148 3153
3099 10 3148 3154
3100 5 3155 3156
3101 4 3156 3157
3102 11 3155 3158
3103 11 3155 3159
3104 11 3156 3160
3105 11 3156 3161
3106 10 3157 3162
3107 10 3157 3163
3108 10 3157 3164
3109 8 2714 2723
3110 8 2724 2732
3111 8 2733 2741
3112 8 2742 2750
3113 8 2751 2759
3114 8 2760 2768
3115 8 2769 2777
3116 8 2778 2786
3117 8 2787 2795
3118 8 2796 2804
3119 8 2805 2813
3120 8 2814 2822
3121 8 2823 2831
3122 8 2832 2840
3123 8 2841 2849
3124 8 2850 2858
3125 8 2859 2867
3126 8 2868 2876
3127 8 2877 2885
3128 8 2886 2894
3129 8 2895 2903
3130 8 2904 2912
3131 8 2913 2921
3132 8 2922 2930
3133 8 2931 2939
3134 8 2940 2948
3135 8 2949 2957
3136 8 2958 2966
3137 8 2967 2975
3138 8 2976 2984
3139 8 2985 2993
3140 8 2994 3002
3141 8 3003 3011
3142 8 3012 3020
3143 8 3021 3029
3144 8 3030 3038
3145 8 3039 3047
3146 8 3048 3056
3147 8 3057 3065
3148 8 3066 3074
3149 8 3075 3083
3150 8 3084 3092
3151 8 3093 3101
3152 8 3102 3110
3153 8 3111 3119
3154 8 3120 3128
3155 8 3129 3137
3156 8 3138 3146
3157 8 3147 3155
3158 7 3165 3166
3159 7 3166 3167
3160 10 3165 3168
3161 10 3165 3169
3162 10 3165 3170
3163 12 3166 3171
3164 10 3167 3172
3165 10 3167 3173
3166 10 3167 3174
3167 8 3175 3176
3168 7 3176 3177
3169 11 3175 3178
3170 11 3175 3179
3171 12 3176 3180
3172 10 3177 3181
3173 10 3177 3182
3174 10 3177 3183
3175 8 3184 3185
3176 7 3185 3186
3177 11 3184 3187
3178 11 3184 3188
3179 12 3185 3189
3180 10 3186 3190
3181 10 3186 3191
3182 10 3186 3192
3183 8 3193 3194
3184 7 3194 3195
3185 11 3193 3196
3186 11 3193 3197
3187 12 3194 3198
3188 10 3195 3199
3189 10 3195 3200
3190 10 3195 3201
3191 8 3202 3203
3192 7 3203 3204
3193 11 3202 3205
3194 11 3202 3206
3195 12 3203 3207
3196 10 3204 3208
3197 10 3204 3209
3198 10 3204 3210
3199 8 3211 3212
3200 7 3212 3213
3201 11 3211 3214
3202 11 3211 3215
3203 12 3212 3216
3204 10 3213 3217
3205 10 3213 3218
3206 10 3213 3219
3207 8 3220 3221
3208 7 3221 3222
3209 11 3220 3223
3210 11 3220 3224
3211 12 3221 3225
3212 10 3222 3226
3213 10 3222 3227
3214 10 3222 3228
3215 8 3229 3230
3216 7 3230 3231
3217 11 3229 3232
3218 11 3229 3233
3219 12 3230 3234
3220 10 3231 3235
3221 10 3231 3236
3222 10 3231 3237
3223 8 3238 3239
3224 7 3239 3240
3225 11 3238 3241
3226 11 3238 3242
3227 12 3239 3243
3228 10 3240 3244
3229 10 3240 3245
3230 10 3240 3246
3231 8 3247 3248
3232 7 3248 3249
3233 11 3247 3250
3234 11 3247 3251
3235 12 3248 3252
3236 10 3249 3253
3237 10 3249 3254
3238 10 3249 3255
3239 8 3256 3257
3240 7 3257 3258
3241 11 3256 3259
3242 11 3256 3260
3243 12 3257 3261
3244 10 3258 3262
3245 10 3258 3263
3246 10 3258 3264
3247 8 3265 3266
3248 7 3266 3267
3249 11 3265 3268
3250 11 3265 3269
3251 12 3266 3270
3252 10 3267 3271
3253 10 3267 3272
3254 10 3267 3273
3255 8 3274 3275
3256 7 3275 3276
3257 11 3274 3277
3258 11 3274 3278
3259 12 3275 3279
3260 10 3276 3280
3261 10 3276 3281
3262 10 3276 3282
3263 8 3283 3284
3264 7 3284 3285
3265 11 3283 3286
3266 11 3283 3287
3267 12 3284 3288
3268 10 3285 3289
3269 10 3285 3290
3270 10 3285 3291
3271 8 3292 3293
3272 7 3293 3294
3273 11 3292 3295
3274 11 3292 3296
3275 12 3293 3297
3276 10 3294 3298
3277 10 3294 3299
3278 10 3294 3300
3279 8 3301 3302
3280 7 3302 3303
3281 11 3301 3304
3282 11 3301 3305
3283 12 3302 3306
3284 10 3303 3307
3285 10 3303 3308
3286 10 3303 3309
3287 8 3310 3311
3288 7 3311 3312
3289 11 3310 3313
3290 11 3310 3314
3291 12 3311 3315
3292 10 3312 3316
3293 10 3312 3317
3294 10 3312 3318
3295 8 3319 3320
3296 7 3320 3321
3297 11 3319 3322
3298 11 3319 3323
3299 12 3320 3324
3300 10 3321 3325
3301 10 3321 3326
3302 10 3321 3327
3303 8 3328 3329
3304 7 3329 3330
3305 11 3328 3331
3306 11 3328 3332
3307 12 3329 3333
3308 10 3330 3334
3309 10 3330 3335
3310 10 3330 3336
3311 8 3337 3338
3312 7 3338 3339
3313 11 3337 3340
3314 11 3337 3341
3315 12 3338 3342
3316 10 3339 3343
3317 10 3339 3344
3318 10 3339 3345
3319 8 3346 3347
3320 7 3347 3348
3321 11 3346 3349
3322 11 3346 3350
3323 12 3347 3351
3324 10 3348 3352
3325 10 3348 3353
3326 10 3348 3354
3327 8 3355 3356
3328 7 3356 3357
3329 11 3355 3358
3330 11 3355 3359
3331 12 3356 3360
3332 10 3357 3361
3333 10 3357 3362
3334 10 3357 3363
3335 8 3364 3365
3336 7 3365 3366
3337 11 3364 3367
3338 11 3364 3368
3339 12 3365 3369
3340 10 3366 3370
3341 10 3366 3371
3342 10 3366 3372
3343 8 3373 3374
3344 7 3374 3375
3345 11 3373 3376
3346 11 3373 3377
3347 12 3374 3378
3348 10 3375 3379
3349 10 3375 3380
3350 10 3375 3381
3351 8 3382 3383
3352 7 3383 3384
3353 11 3382 3385
3354 11 3382 3386
3355 12 3383 3387
3356 10 3384 3388
3357 10 3384 3389
3358 10 3384 3390
3359 8 3391 3392
3360 7 3392 3393
3361 11 3391 3394
3362 11 3391 3395
3363 12 3392 3396
3364 10 3393 3397
3365 10 3393 3398
3366 10 3393 3399
3367 8 3400 3401
3368 7 3401 3402
3369 11 3400 3403
3370 11 3400 3404
3371 12 3401 3405
3372 10 3402 3406
3373 10 3402 3407
3374 10 3402 3408
3375 8 3409 3410
3376 7 3410 3411
3377 11 3409 3412
3378 11 3409 3413
3379 12 3410 3414
3380 10 3411 3415
3381 10 3411 3416
3382 10 3411 3417
3383 8 3418 3419
3384 7 3419 3420
3385 11 3418 3421
3386 11 3418 3422
3387 12 3419 3423
3388 10 3420 3424
3389 10 3420 3425
3390 10 3420 3426
3391 8 3427 3428
3392 7 3428 3429
3393 11 3427 3430
3394 11 3427 3431
3395 12 3428 3432
3396 10 3429 3433
3397 10 3429 3434
3398 10 3429 3435
3399 8 3436 3437
3400 7 3437 3438
3401 11 3436 3439
3402 11 3436 3440
3403 12 3437 3441
3404 10 3438 3442
3405 10 3438 3443
3406 10 3438 3444
3407 8 3445 3446
3408 7 3446 3447
3409 11 3445 3448
3410 11 3445 3449
3411 12 3446 3450
3412 10 3447 3451
3413 10 3447 3452
3414 10 3447 3453
3415 8 3454 3455
3416 7 3455 3456
3417 11 3454 3457
3418 11 3454 3458
3419 12 3455 3459
3420 10 3456 3460
3421 10 3456 3461
3422 10 3456 3462
3423 8 3463 3464
3424 7 3464 3465
3425 11 3463 3466
3426 11 3463 3467
3427 12 3464 3468
3428 10 3465 3469
3429 10 3465 3470
3430 10 3465 3471
3431 8 3472 3473
3432 7 3473 3474
3433 11 3472 3475
3434 11 3472 3476
3435 12 3473 3477
3436 10 3474 3478
3437 10 3474 3479
3438 10 3474 3480
3439 8 3481 3482
3440 7 3482 3483
3441 11 3481 3484
3442 11 3481 3485
3443 12 3482 3486
3444 10 3483 3487
3445 10 3483 3488
3446 10 3483 3489
3447 8 3490 3491
3448 7 3491 3492
3449 11 3490 3493
3450 11 3490 3494
3451 12 3491 3495
3452 10 3492 3496
3453 10 3492 3497
3454 10 3492 3498
3455 8 3499 3500
3456 7 3500 3501
3457 11 3499 3502
3458 11 3499 3503
3459 12 3500 3504
3460 10 3501 3505
3461 10 3501 3506
3462 10 3501 3507
3463 8 3508 3509
3464 7 3509 3510
3465 11 3508 3511
3466 11 3508 3512
3467 12 3509 3513
3468 10 3510 3514
3469 10 3510 3515
3470 10 3510 3516
3471 8 3517 3518
3472 7 3518 3519
3473 11 3517 3520
3474 11 3517 3521
3475 12 3518 3522
3476 10 3519 3523
3477 10 3519 3524
3478 10 3519 3525
3479 8 3526 3527
3480 7 3527 3528
3481 11 3526 3529
3482 11 3526 3530
3483 12 3527 3531
3484 10 3528 3532
3485 10 3528 3533
3486 10 3528 3534
3487 8 3535 3536
3488 7 3536 3537
3489 11 3535 3538
3490 11 3535 3539
3491 12 3536 3540
3492 10 3537 3541
3493 10 3537 3542
3494 10 3537 3543
3495 8 3544 3545
3496 7 3545 3546
3497 11 3544 3547
3498 11 3544 3548
3499 12 3545 3549
3500 10 3546 3550
3501 10 3546 3551
3502 10 3546 3552
3503 8 3553 3554
3504 7 3554 3555
3505 11 3553 3556
3506 11 3553 3557
3507 12 3554 3558
3508 10 3555 3559
3509 10 3555 3560
3510 10 3555 3561
3511 8 3562 3563
3512 7 3563 3564
3513 11 3562 3565
3514 11 3562 3566
3515 12 3563 3567
3516 10 3564 3568
3517 10 3564 3569
3518 10 3564 3570
3519 8 3571 3572
3520 7 3572 3573
3521 11 3571 3574
3522 11 3571 3575
3523 12 3572 3576
3524 10 3573 3577
3525 10 3573 3578
3526 10 3573 3579
3527 8 3580 3581
3528 7 3581 3582
3529 11 3580 3583
3530 11 3580 3584
3531 12 3581 3585
3532 10 3582 3586
3533 10 3582 3587
3534 10 3582 3588
3535 8 3589 3590
3536 7 3590 3591
3537 11 3589 3592
3538 11 3589 3593
3539 12 3590 3594
3540 10 3591 3595
3541 10 3591 3596
3542 10 3591 3597
3543 8 3598 3599
3544 7 3599 3600
3545 11 3598 3601
3546 11 3598 3602
3547 12 3599 3603
3548 10 3600 3604
3549 10 3600 3605
3550 10 3600 3606
3551 5 3607 3608
3552 4 3608 3609
3553 11 3607 3610
3554 11 3607 3611
3555 11 3608 3612
3556 11 3608 3613
3557 10 3609 3614
3558 10 3609 3615
3559 10 3609 3616
3560 8 3166 3175
3561 8 3176 3184
3562 8 3185 3193
3563 8 3194 3202
3564 8 3203 3211
3565 8 3212 3220
3566 8 3221 3229
3567 8 3230 3238
3568 8 3239 3247
3569 8 3248 3256
3570 8 3257 3265
3571 8 3266 3274
3572 8 3275 3283
3573 8 3284 3292
3574 8 3293 3301
3575 8 3302 3310
3576 8 3311 3319
3577 8 3320 3328
3578 8 3329 3337
3579 8 3338 3346
3580 8 3347 3355
3581 8 3356 3364
3582 8 3365 3373
3583 8 3374 3382
3584 8 3383 3391
3585 8 3392 3400
3586 8 3401 3409
3587 8 3410 3418
3588 8 3419 3427
3589 8 3428 3436
3590 8 3437 3445
3591 8 3446 3454
3592 8 3455 3463
3593 8 3464 3472
3594 8 3473 3481
3595 8 3482 3490
3596 8 3491 3499
3597 8 3500 3508
3598 8 3509 3517
3599 8 3518 3526
3600 8 3527 3535
3601 8 3536 3544
3602 8 3545 3553
3603 8 3554 3562
3604 8 3563 3571
3605 8 3572 3580
3606 8 3581 3589
3607 8 3590 3598
3608 8 3599 3607
3609 7 3617 3618
3610 7 3618 3619
3611 10 3617 3620
3612 10 3617 3621
3613 10 3617 3622
3614 12 3618 3623
3615 10 3619 3624
3616 10 3619 3625
3617 10 3619 3626
3618 8 3627 3628
3619 7 3628 3629
3620 11 3627 3630
3621 11 3627 3631
3622 12 3628 3632
3623 10 3629 3633
3624 10 3629 3634
3625 10 3629 3635
3626 8 3636 3637
3627 7 3637 3638
3628 11 3636 3639
3629 11 3636 3640
3630 12 3637 3641
3631 10 3638 3642
3632 10 3638 3643
3633 10 3638 3644
3634 8 3645 3646
3635 7 3646 3647
3636 11 3645 3648
3637 11 3645 3649
3638 12 3646 3650
3639 10 3647 3651
3640 10 3647 3652
3641 10 3647 3653
3642 8 3654 3655
3643 7 3655 3656
3644 11 3654 3657
3645 11 3654 3658
3646 12 3655 3659
3647 10 3656 3660
3648 10 3656 3661
3649 10 3656 3662
3650 8 3663 3664
3651 7 3664 3665
3652 11 3663 3666
3653 11 3663 3667
3654 12 3664 3668
3655 10 3665 3669
3656 10 3665 3670
3657 10 3665 3671
3658 8 3672 3673
3659 7 3673 3674
3660 11 3672 3675
3661 11 3672 3676
3662 12 3673 3677
3663 10 3674 3678
3664 10 3674 3679
3665 10 3674 3680
3666 8 3681 3682
3667 7 3682 3683
3668 11 3681 3684
3669 11 3681 3685
3670 12 3682 3686
3671 10 3683 3687
3672 10 3683 3688
3673 10 3683 3689
3674 8 3690 3691
3675 7 3691 3692
3676 11 3690 3693
3677 11 3690 3694
3678 12 3691 3695
3679 10 3692 3696
3680 10 3692 3697
3681 10 3692 3698
3682 8 3699 3700
3683 7 3700 3701
3684 11 3699 3702
3685 11 3699 3703
3686 12 3700 3704
3687 10 3701 3705
3688 10 3701 3706
3689 10 3701 3707
3690 8 3708 3709
3691 7 3709 3710
3692 11 3708 3711
3693 11 3708 3712
3694 12 3709 3713
3695 10 3710 3714
3696 10 3710 3715
3697 10 3710 3716
3698 8 3717 3718
3699 7 3718 3719
3700 11 3717 3720
3701 11 3717 3721
3702 12 3718 3722
3703 10 3719 3723
3704 10 3719 3724
3705 10 3719 3725
3706 8 3726 3727
3707 7 3727 3728
3708 11 3726 3729
3709 11 3726 3730
3710 12 3727 3731
3711 10 3728 3732
3712 10 3728 3733
3713 10 3728 3734
3714 8 3735 3736
3715 7 3736 3737
3716 11 3735 3738
3717 11 3735 3739
3718 12 3736 3740
3719 10 3737 3741
3720 10 3737 3742
3721 10 3737 3743
3722 8 3744 3745
3723 7 3745 3746
3724 11 3744 3747
3725 11 3744 3748
3726 12 3745 3749
3727 10 3746 3750
3728 10 3746 3751
3729 10 3746 3752
3730 8 3753 3754
3731 7 3754 3755
3732 11 3753 3756
3733 11 3753 3757
3734 12 3754 3758
3735 10 3755 3759
3736 10 3755 3760
3737 10 3755 3761
3738 8 3762 3763
3739 7 3763 3764
3740 11 3762 3765
3741 11 3762 3766
3742 12 3763 3767
3743 10 3764 3768
3744 10 3764 3769
3745 10 3764 3770
3746 8 3771 3772
3747 7 3772 3773
3748 11 3771 3774
3749 11 3771 3775
3750 12 3772 3776
3751 10 3773 3777
3752 10 3773 3778
3753 10 3773 3779
3754 8 3780 3781
3755 7 3781 3782
3756 11 3780 3783
3757 11 3780 3784
3758 12 3781 3785
3759 10 3782 3786
3760 10 3782 3787
3761 10 3782 3788
3762 8 3789 3790
3763 7 3790 3791
3764 11 3789 3792
3765 11 3789 3793
3766 12 3790 3794
3767 10 3791 3795
3768 10 3791 3796
3769 10 3791 3797
3770 8 3798 3799
3771 7 3799 3800
3772 11 3798 3801
3773 11 3798 3802
3774 12 3799 3803
3775 10 3800 3804
3776 10 3800 3805
3777 10 3800 3806
3778 8 3807 3808
3779 7 3808 3809
3780 11 3807 3810
3781 11 3807 3811
3782 12 3808 3812
3783 10 3809 3813
3784 10 3809 3814
3785 10 3809 3815
3786 8 3816 3817
3787 7 3817 3818
3788 11 3816 3819
3789 11 3816 3820
3790 12 3817 3821
3791 10 3818 3822
3792 10 3818 3823
3793 10 3818 3824
3794 8 3825 3826
3795 7 3826 3827
3796 11 3825 3828
3797 11 3825 3829
3798 12 3826 3830
3799 10 3827 3831
3800 10 3827 3832
3801 10 3827 3833
3802 8 3834 3835
3803 7 3835 3836
3804 11 3834 3837
3805 11 3834 3838
3806 12 3835 3839
3807 10 3836 3840
3808 10 3836 3841
3809 10 3836 3842
3810 8 3843 3844
3811 7 3844 3845
3812 11 3843 3846
3813 11 3843 3847
3814 12 3844 3848
3815 10 3845 3849
3816 10 3845 3850
3817 10 3845 3851
3818 8 3852 3853
3819 7 3853 3854
3820 11 3852 3855
3821 11 3852 3856
3822 12 3853 3857
3823 10 3854 3858
3824 10 3854 3859
3825 10 3854 3860
3826 8 3861 3862
3827 7 3862 3863
3828 11 3861 3864
3829 11 3861 3865
3830 12 3862 3866
3831 10 3863 3867
3832 10 3863 3868
3833 10 3863 3869
3834 8 3870 3871
3835 7 3871 3872
3836 11 3870 3873
3837 11 3870 3874
3838 12 3871 3875
3839 10 3872 3876
3840 10 3872 3877
3841 10 3872 3878
3842 8 3879 3880
3843 7 3880 3881
3844 11 3879 3882
3845 11 3879 3883
3846 12 3880 3884
3847 10 3881 3885
3848 10 3881 3886
3849 10 3881 3887
3850 8 3888 3889
3851 7 3889 3890
3852 11 3888 3891
3853 11 3888 3892
3854 12 3889 3893
3855 10 3890 3894
3856 10 3890 3895
3857 10 3890 3896
3858 8 3897 3898
3859 7 3898 3899
3860 11 3897 3900
3861 11 3897 3901
3862 12 3898 3902
3863 10 3899 3903
3864 10 3899 3904
3865 10 3899 3905
3866 8 3906 3907
3867 7 3907 3908
3868 11 3906 3909
3869 11 3906 3910
3870 12 3907 3911
3871 10 3908 3912
3872 10 3908 3913
3873 10 3908 3914
3874 8 3915 3916
3875 7 3916 3917
3876 11 3915 3918
3877 11 3915 3919
3878 12 3916 3920
3879 10 3917 3921
3880 10 3917 3922
3881 10 3917 3923
3882 8 3924 3925
3883 7 3925 3926
3884 11 3924 3927
3885 11 3924 3928
3886 12 3925 3929
3887 10 3926 3930
3888 10 3926 3931
3889 10 3926 3932
3890 8 3933 3934
3891 7 3934 3935
3892 11 3933 3936
3893 11 3933 3937
3894 12 3934 3938
3895 10 3935 3939
3896 10 3935 3940
3897 10 3935 3941
3898 8 3942 3943
3899 7 3943 3944
3900 11 3942 3945
3901 11 3942 3946
3902 12 3943 3947
3903 10 3944 3948
3904 10 3944 3949
3905 10 3944 3950
3906 8 3951 3952
3907 7 3952 3953
3908 11 3951 3954
3909 11 3951 3955
3910 12 3952 3956
3911 10 3953 3957
3912 10 3953 3958
3913 10 3953 3959
3914 8 3960 3961
3915 7 3961 3962
3916 11 3960 3963
3917 11 3960 3964
3918 12 3961 3965
3919 10 3962 3966
3920 10 3962 3967
3921 10 3962 3968
3922 8 3969 3970
3923 7 3970 3971
3924 11 3969 3972
3925 11 3969 3973
3926 12 3970 3974
3927 10 3971 3975
3928 10 3971 3976
3929 10 3971 3977
3930 8 3978 3979
3931 7 3979 3980
3932 11 3978 3981
3933 11 3978 3982
3934 12 3979 3983
3935 10 3980 3984
3936 10 3980 3985
3937 10 3980 3986
3938 8 3987 3988
3939 7 3988 3989
3940 11 3987 3990
3941 11 3987 3991
3942 12 3988 3992
3943 10 3989 3993
3944 10 3989 3994
3945 10 3989 3995
3946 8 3996 3997
3947 7 3997 3998
3948 11 3996 3999
3949 11 3996 4000
3950 12 3997 4001
3951 10 3998 4002
3952 10 3998 4003
3953 10 3998 4004
3954 8 4005 4006
3955 7 4006 4007
3956 11 4005 4008
3957 11 4005 4009
3958 12 4006 4010
3959 10 4007 4011
3960 10 4007 4012
3961 10 4007 4013
3962 8 4014 4015
3963 7 4015 4016
3964 11 4014 4017
3965 11 4014 4018
3966 12 4015 4019
3967 10 4016 4020
3968 10 4016 4021
3969 10 4016 4022
3970 8 4023 4024
3971 7 4024 4025
3972 11 4023 4026
3973 11 4023 4027
3974 12 4024 4028
3975 10 4025 4029
3976 10 4025 4030
3977 10 4025 4031
3978 8 4032 4033
3979 7 4033 4034
3980 11 4032 4035
3981 11 4032 4036
3982 12 4033 4037
3983 10 4034 4038
3984 10 4034 4039
3985 10 4034 4040
3986 8 4041 4042
3987 7 4042 4043
3988 11 4041 4044
3989 11 4041 4045
3990 12 4042 4046
3991 10 4043 4047
3992 10 4043 4048
3993 10 4043 4049
3994 8 4050 4051
3995 7 4051 4052
3996 11 4050 4053
3997 11 4050 4054
3998 12 4051 4055
3999 10 4052 4056
4000 10 4052 4057
4001 10 4052 4058
4002 5 4059 4060
4003 4 4060 4061
4004 11 4059 4062
4005 11 4059 4063
4006 11 4060 4064
4007 11 4060 4065
4008 10 4061 4066
4009 10 4061 4067
4010 10 4061 4068
4011 8 3618 3627
4012 8 3628 3636
4013 8 3637 3645
4014 8 3646 3654
4015 8 3655 3663
4016 8 3664 3672
4017 8 3673 3681
4018 8 3682 3690
4019 8 3691 3699
4020 8 3700 3708
4021 8 3709 3717
4022 8 3718 3726
4023 8 3727 3735
4024 8 3736 3744
4025 8 3745 3753
4026 8 3754 3762
4027 8 3763 3771
4028 8 3772 3780
4029 8 3781 3789
4030 8 3790 3798
4031 8 3799 3807
4032 8 3808 3816
4033 8 3817 3825
4034 8 3826 3834
4035 8 3835 3843
4036 8 3844 3852
4037 8 3853 3861
4038 8 3862 3870
4039 8 3871 3879
4040 8 3880 3888
4041 8 3889 3897
4042 8 3898 3906
4043 8 3907 3915
4044 8 3916 3924
4045 8 3925 3933
4046 8 3934 3942
4047 8 3943 3951
4048 8 3952 3960
4049 8 3961 3969
4050 8 3970 3978
4051 8 3979 3987
4052 8 3988 3996
4053 8 3997 4005
4054 8 4006 4014
4055 8 4015 4023
4056 8 4024 4032
4057 8 4033 4041
4058 8 4042 4050
4059 8 4051 4059
4060 7 4069 4070
4061 7 4070 4071
4062 10 4069 4072
4063 10 4069 4073
4064 10 4069 4074
4065 12 4070 4075
4066 10 4071 4076
4067 10 4071 4077
4068 10 4071 4078
4069 8 4079 4080
4070 7 4080 4081
4071 11 4079 4082
4072 11 4079 4083
4073 12 4080 4084
4074 10 4081 4085
4075 10 4081 4086
4076 10 4081 4087
4077 8 4088 4089
4078 7 4089 4090
4079 11 4088 4091
4080 11 4088 4092
4081 12 4089 4093
4082 10 4090 4094
4083 10 4090 4095
4084 10 4090 4096
4085 8 4097 4098
4086 7 4098 4099
4087 11 4097 4100
4088 11 4097 4101
4089 12 4098 4102
4090 10 4099 4103
4091 10 4099 4104
4092 10 4099 4105
4093 8 4106 4107
4094 7 4107 4108
4095 11 4106 4109
4096 11 4106 4110
4097 12 4107 4111
4098 10 4108 4112
4099 10 4108 4113
4100 10 4108 4114
4101 8 4115 4116
4102 7 4116 4117
4103 11 4115 4118
4104 11 4115 4119
4105 12 4116 4120
4106 10 4117 4121
4107 10 4117 4122
4108 10 4117 4123
4109 8 4124 4125
4110 7 4125 4126
4111 11 4124 4127
4112 11 4124 4128
4113 12 4125 4129
4114 10 4126 4130
4115 10 4126 4131
4116 10 4126 4132
4117 8 4133 4134
4118 7 4134 4135
4119 11 4133 4136
4120 11 4133 4137
4121 12 4134 4138
4122 10 4135 4139
4123 10 4135 4140
4124 10 4135 4141
4125 8 4142 4143
4126 7 4143 4144
4127 11 4142 4145
4128 11 4142 4146
4129 12 4143 4147
4130 10 4144 4148
4131 10 4144 4149
4132 10 4144 4150
4133 8 4151 4152
4134 7 4152 4153
4135 11 4151 4154
4136 11 4151 4155
4137 12 4152 4156
4138 10 4153 4157
4139 10 4153 4158
4140 10 4153 4159
4141 8 4160 4161
4142 7 4161 4162
4143 11 4160 4163
4144 11 4160 4164
4145 12 4161 4165
4146 10 4162 4166
4147 10 4162 4167
4148 10 4162 4168
4149 8 4169 4170
4150 7 4170 4171
4151 11 4169 4172
4152 11 4169 4173
4153 12 4170 4174
4154 10 4171 4175
4155 10 4171 4176
4156 10 4171 4177
4157 8 4178 4179
4158 7 4179 4180
4159 11 4178 4181
4160 11 4178 4182
4161 12 4179 4183
4162 10 4180 4184
4163 10 4180 4185
4164 10 4180 4186
4165 8 4187 4188
4166 7 4188 4189
4167 11 4187 4190
4168 11 4187 4191
4169 12 4188 4192
4170 10 4189 4193
4171 10 4189 4194
4172 10 4189 4195
4173 8 4196 4197
4174 7 4197 4198
4175 11 4196 4199
4176 11 4196 4200
4177 12 4197 4201
4178 10 4198 4202
4179 10 4198 4203
4180 10 4198 4204
4181 8 4205 4206
4182 7 4206 4207
4183 11 4205 4208
4184 11 4205 4209
4185 12 4206 4210
4186 10 4207 4211
4187 10 4207 4212
4188 10 4207 4213
4189 8 4214 4215
4190 7 4215 4216
4191 11 4214 4217
4192 11 4214 4218
4193 12 4215 4219
4194 10 4216 4220
4195 10 4216 4221
4196 10 4216 4222
4197 8 4223 4224
4198 7 4224 4225
4199 11 4223 4226
4200 11 4223 4227
4201 12 4224 4228
4202 10 4225 4229
4203 10 4225 4230
4204 10 4225 4231
4205 8 4232 4233
4206 7 4233 4234
4207 11 4232 4235
4208 11 4232 4236
4209 12 4233 4237
4210 10 4234 4238
4211 10 4234 4239
4212 10 4234 4240
4213 8 4241 4242
4214 7 4242 4243
4215 11 4241 4244
4216 11 4241 4245
4217 12 4242 4246
4218 10 4243 4247
4219 10 4243 4248
4220 10 4243 4249
4221 8 4250 4251
4222 7 4251 4252
4223 11 4250 4253
4224 11 4250 4254
4225 12 4251 4255
4226 10 4252 4256
4227 10 4252 4257
4228 10 4252 4258
4229 8 4259 4260
4230 7 4260 4261
4231 11 4259 4262
4232 11 4259 4263
4233 12 4260 4264
4234 10 4261 4265
4235 10 4261 4266
4236 10 4261 4267
4237 8 4268 4269
4238 7 4269 4270
4239 11 4268 4271
4240 11 4268 4272
4241 12 4269 4273
4242 10 4270 4274
4243 10 4270 4275
4244 10 4270 4276
4245 8 4277 4278
4246 7 4278 4279
4247 11 4277 4280
4248 11 4277 4281
4249 12 4278 4282
4250 10 4279 4283
4251 10 4279 4284
4252 10 4279 4285
4253 8 4286 4287
4254 7 4287 4288
4255 11 4286 4289
4256 11 4286 4290
4257 12 4287 4291
4258 10 4288 4292
4259 10 4288 4293
4260 10 4288 4294
4261 8 4295 4296
4262 7 4296 4297
4263 11 4295 4298
4264 11 4295 4299
4265 12 4296 4300
4266 10 4297 4301
4267 10 4297 4302
4268 10 4297 4303
4269 8 4304 4305
4270 7 4305 4306
4271 11 4304 4307
4272 11 4304 4308
4273 12 4305 4309
4274 10 4306 4310
4275 10 4306 4311
4276 10 4306 4312
4277 8 4313 4314
4278 7 4314 4315
4279 11 4313 4316
4280 11 4313 4317
4281 12 4314 4318
4282 10 4315 4319
4283 10 4315 4320
4284 10 4315 4321
4285 8 4322 4323
4286 7 4323 4324
4287 11 4322 4325
4288 11 4322 4326
4289 12 4323 4327
4290 10 4324 4328
4291 10 4324 4329
4292 10 4324 4330
4293 8 4331 4332
4294 7 4332 4333
4295 11 4331 4334
4296 11 4331 4335
4297 12 4332 4336
4298 10 4333 4337
4299 10 4333 4338
4300 10 4333 4339
4301 8 4340 4341
4302 7 4341 4342
4303 11 4340 4343
4304 11 4340 4344
4305 12 4341 4345
4306 10 4342 4346
4307 10 4342 4347
4308 10 4342 4348
4309 8 4349 4350
4310 7 4350 4351
4311 11 4349 4352
4312 11 4349 4353
4313 12 4350 4354
4314 10 4351 4355
4315 10 4351 4356
4316 10 4351 4357
4317 8 4358 4359
4318 7 4359 4360
4319 11 4358 4361
4320 11 4358 4362
4321 12 4359 4363
4322 10 4360 4364
4323 10 4360 4365
4324 10 4360 4366
4325 8 4367 4368
4326 7 4368 4369
4327 11 4367 4370
4328 11 4367 4371
4329 12 4368 4372
4330 10 4369 4373
4331 10 4369 4374
4332 10 4369 4375
4333 8 4376 4377
4334 7 4377 4378
4335 11 4376 4379
4336 11 4376 4380
4337 12 4377 4381
4338 10 4378 4382
4339 10 4378 4383
4340 10 4378 4384
4341 8 4385 4386
4342 7 4386 4387
4343 11 4385 4388
4344 11 4385 4389
4345 12 4386 4390
4346 10 4387 4391
4347 10 4387 4392
4348 10 4387 4393
4349 8 4394 4395
4350 7 4395 4396
4351 11 4394 4397
4352 11 4394 4398
4353 12 4395 4399
4354 10 4396 4400
4355 10 4396 4401
4356 10 4396 4402
4357 8 4403 4404
4358 7 4404 4405
4359 11 4403 4406
4360 11 4403 4407
4361 12 4404 4408
4362 10 4405 4409
4363 10 4405 4410
4364 10 4405 4411
4365 8 4412 4413
4366 7 4413 4414
4367 11 4412 4415
4368 11 4412 4416
4369 12 4413 4417
4370 10 4414 4418
4371 10 4414 4419
4372 10 4414 4420
4373 8 4421 4422
4374 7 4422 4423
4375 11 4421 4424
4376 11 4421 4425
4377 12 4422 4426
4378 10 4423 4427
4379 10 4423 4428
4380 10 4423 4429
4381 8 4430 4431
4382 7 4431 4432
4383 11 4430 4433
4384 11 4430 4434
4385 12 4431 4435
4386 10 4432 4436
4387 10 4432 4437
4388 10 4432 4438
4389 8 4439 4440
4390 7 4440 4441
4391 11 4439 4442
4392 11 4439 4443
4393 12 4440 4444
4394 10 4441 4445
4395 10 4441 4446
4396 10 4441 4447
4397 8 4448 4449
4398 7 4449 4450
4399 11 4448 4451
4400 11 4448 4452
4401 12 4449 4453
4402 10 4450 4454
4403 10 4450 4455
4404 10 4450 4456
4405 8 4457 4458
4406 7 4458 4459
4407 11 4457 4460
4408 11 4457 4461
4409 12 4458 4462
4410 10 4459 4463
4411 10 4459 4464
4412 10 4459 4465
4413 8 4466 4467
4414 7 4467 4468
4415 11 4466 4469
4416 11 4466 4470
4417 12 4467 4471
4418 10 4468 4472
4419 10 4468 4473
4420 10 4468 4474
4421 8 4475 4476
4422 7 4476 4477
4423 11 4475 4478
4424 11 4475 4479
4425 12 4476 4480
4426 10 4477 4481
4427 10 4477 4482
4428 10 4477 4483
4429 8 4484 4485
4430 7 4485 4486
4431 11 4484 4487
4432 11 4484 4488
4433 12 4485 4489
4434 10 4486 4490
4435 10 4486 4491
4436 10 4486 4492
4437 8 4493 4494
4438 7 4494 4495
4439 11 4493 4496
4440 11 4493 4497
4441 12 4494 4498
4442 10 4495 4499
4443 10 4495 4500
4444 10 4495 4501
4445 8 4502 4503
4446 7 4503 4504
4447 11 4502 4505
4448 11 4502 4506
4449 12 4503 4507
4450 10 4504 4508
4451 10 4504 4509
4452 10 4504 4510
4453 5 4511 4512
4454 4 4512 4513
4455 11 4511 4514
4456 11 4511 4515
4457 11 4512 4516
4458 11 4512 4517
4459 10 4513 4518
4460 10 4513 4519
4461 10 4513 4520
4462 8 4070 4079
4463 8 4080 4088
4464 8 4089 4097
4465 8 4098 4106
4466 8 4107 4115
4467 8 4116 4124
4468 8 4125 4133
4469 8 4134 4142
4470 8 4143 4151
4471 8 4152 4160
4472 8 4161 4169
4473 8 4170 4178
4474 8 4179 4187
4475 8 4188 4196
4476 8 4197 4205
4477 8 4206 4214
4478 8 4215 4223
4479 8 4224 4232
4480 8 4233 4241
4481 8 4242 4250
4482 8 4251 4259
4483 8 4260 4268
4484 8 4269 4277
4485 8 4278 4286
4486 8 4287 4295
4487 8 4296 4304
4488 8 4305 4313
4489 8 4314 4322
4490 8 4323 4331
4491 8 4332 4340
4492 8 4341 4349
4493 8 4350 4358
4494 8 4359 4367
4495 8 4368 4376
4496 8 4377 4385
4497 8 4386 4394
4498 8 4395 4403
4499 8 4404 4412
4500 8 4413 4421
4501 8 4422 4430
4502 8 4431 4439
4503 8 4440 4448
4504 8 4449 4457
4505 8 4458 4466
4506 8 4467 4475
4507 8 4476 4484
4508 8 4485 4493
4509 8 4494 4502
4510 8 4503 4511
