	1	1	2
	2	2	3
	3	1	4
	4	1	5
	5	1	6
	6	2	7
	7	3	8
	8	3	9
	9	3	10
	10	11	12
	11	12	13
	12	11	14
	13	11	15
	14	12	16
	15	13	17
	16	13	18
	17	13	19
	18	20	21
	19	21	22
	20	20	23
	21	20	24
	22	21	25
	23	22	26
	24	22	27
	25	22	28
	26	29	30
	27	30	31
	28	29	32
	29	29	33
	30	30	34
	31	31	35
	32	31	36
	33	31	37
	34	38	39
	35	39	40
	36	38	41
	37	38	42
	38	39	43
	39	40	44
	40	40	45
	41	40	46
	42	47	48
	43	48	49
	44	47	50
	45	47	51
	46	48	52
	47	49	53
	48	49	54
	49	49	55
	50	56	57
	51	57	58
	52	56	59
	53	56	60
	54	57	61
	55	58	62
	56	58	63
	57	58	64
	58	65	66
	59	66	67
	60	65	68
	61	65	69
	62	66	70
	63	67	71
	64	67	72
	65	67	73
	66	74	75
	67	75	76
	68	74	77
	69	74	78
	70	75	79
	71	76	80
	72	76	81
	73	76	82
	74	83	84
	75	84	85
	76	83	86
	77	83	87
	78	84	88
	79	85	89
	80	85	90
	81	85	91
	82	92	93
	83	93	94
	84	92	95
	85	92	96
	86	93	97
	87	94	98
	88	94	99
	89	94	100
	90	101	102
	91	102	103
	92	101	104
	93	101	105
	94	102	106
	95	103	107
	96	103	108
	97	103	109
	98	110	111
	99	111	112
	100	110	113
	101	110	114
	102	111	115
	103	112	116
	104	112	117
	105	112	118
	106	119	120
	107	120	121
	108	119	122
	109	119	123
	110	120	124
	111	121	125
	112	121	126
	113	121	127
	114	128	129
	115	129	130
	116	128	131
	117	128	132
	118	129	133
	119	130	134
	120	130	135
	121	130	136
	122	137	138
	123	138	139
	124	137	140
	125	137	141
	126	138	142
	127	139	143
	128	139	144
	129	139	145
	130	146	147
	131	147	148
	132	146	149
	133	146	150
	134	147	151
	135	148	152
	136	148	153
	137	148	154
	138	155	156
	139	156	157
	140	155	158
	141	155	159
	142	156	160
	143	157	161
	144	157	162
	145	157	163
	146	164	165
	147	165	166
	148	164	167
	149	164	168
	150	165	169
	151	166	170
	152	166	171
	153	166	172
	154	173	174
	155	174	175
	156	173	176
	157	173	177
	158	174	178
	159	175	179
	160	175	180
	161	175	181
	162	182	183
	163	183	184
	164	182	185
	165	182	186
	166	183	187
	167	184	188
	168	184	189
	169	184	190
	170	191	192
	171	192	193
	172	191	194
	173	191	195
	174	192	196
	175	193	197
	176	193	198
	177	193	199
	178	200	201
	179	201	202
	180	200	203
	181	200	204
	182	201	205
	183	202	206
	184	202	207
	185	202	208
	186	209	210
	187	210	211
	188	209	212
	189	209	213
	190	210	214
	191	211	215
	192	211	216
	193	211	217
	194	218	219
	195	219	220
	196	218	221
	197	218	222
	198	219	223
	199	220	224
	200	220	225
	201	220	226
	202	227	228
	203	228	229
	204	227	230
	205	227	231
	206	228	232
	207	229	233
	208	229	234
	209	229	235
	210	236	237
	211	237	238
	212	236	239
	213	236	240
	214	237	241
	215	238	242
	216	238	243
	217	238	244
	218	245	246
	219	246	247
	220	245	248
	221	245	249
	222	246	250
	223	247	251
	224	247	252
	225	247	253
	226	254	255
	227	255	256
	228	254	257
	229	254	258
	230	255	259
	231	256	260
	232	256	261
	233	256	262
	234	263	264
	235	264	265
	236	263	266
	237	263	267
	238	264	268
	239	265	269
	240	265	270
	241	265	271
	242	272	273
	243	273	274
	244	272	275
	245	272	276
	246	273	277
	247	274	278
	248	274	279
	249	274	280
	250	281	282
	251	282	283
	252	281	284
	253	281	285
	254	282	286
	255	283	287
	256	283	288
	257	283	289
	258	290	291
	259	291	292
	260	290	293
	261	290	294
	262	291	295
	263	292	296
	264	292	297
	265	292	298
	266	299	300
	267	300	301
	268	299	302
	269	299	303
	270	300	304
	271	301	305
	272	301	306
	273	301	307
	274	308	309
	275	309	310
	276	308	311
	277	308	312
	278	309	313
	279	310	314
	280	310	315
	281	310	316
	282	317	318
	283	318	319
	284	317	320
	285	317	321
	286	318	322
	287	319	323
	288	319	324
	289	319	325
	290	326	327
	291	327	328
	292	326	329
	293	326	330
	294	327	331
	295	328	332
	296	328	333
	297	328	334
	298	335	336
	299	336	337
	300	335	338
	301	335	339
	302	336	340
	303	337	341
	304	337	342
	305	337	343
	306	344	345
	307	345	346
	308	344	347
	309	344	348
	310	345	349
	311	346	350
	312	346	351
	313	346	352
	314	353	354
	315	354	355
	316	353	356
	317	353	357
	318	354	358
	319	355	359
	320	355	360
	321	355	361
	322	362	363
	323	363	364
	324	362	365
	325	362	366
	326	363	367
	327	364	368
	328	364	369
	329	364	370
	330	371	372
	331	372	373
	332	371	374
	333	371	375
	334	372	376
	335	373	377
	336	373	378
	337	373	379
	338	380	381
	339	381	382
	340	380	383
	341	380	384
	342	381	385
	343	382	386
	344	382	387
	345	382	388
	346	389	390
	347	390	391
	348	389	392
	349	389	393
	350	390	394
	351	391	395
	352	391	396
	353	391	397
	354	398	399
	355	399	400
	356	398	401
	357	398	402
	358	399	403
	359	400	404
	360	400	405
	361	400	406
	362	407	408
	363	408	409
	364	407	410
	365	407	411
	366	408	412
	367	409	413
	368	409	414
	369	409	415
	370	416	417
	371	417	418
	372	416	419
	373	416	420
	374	417	421
	375	418	422
	376	418	423
	377	418	424
	378	425	426
	379	426	427
	380	425	428
	381	425	429
	382	426	430
	383	427	431
	384	427	432
	385	427	433
	386	434	435
	387	435	436
	388	434	437
	389	434	438
	390	435	439
	391	436	440
	392	436	441
	393	436	442
	394	443	444
	395	444	445
	396	443	446
	397	443	447
	398	444	448
	399	444	449
	400	445	450
	401	445	451
	402	445	452
      403  2  11
      404  12  20
      405  21  29
      406  30  38
      407  39  47
      408  48  56
      409  57  65
      410  66  74
      411  75  83
      412  84  92
      413  93  101
      414  102  110
      415  111  119
      416  120  128
      417  129  137
      418  138  146
      419  147  155
      420  156  164
      421  165  173
      422  174  182
      423  183  191
      424  192  200
      425  201  209
      426  210  218
      427  219  227
      428  228  236
      429  237  245
      430  246  254
      431  255  263
      432  264  272
      433  273  281
      434  282  290
      435  291  299
      436  300  308
      437  309  317
      438  318  326
      439  327  335
      440  336  344
      441  345  353
      442  354  362
      443  363  371
      444  372  380
      445  381  389
      446  390  398
      447  399  407
      448  408  416
      449  417  425
      450  426  434
      451  435  443
	452	453	454
	453	454	455
	454	453	456
	455	453	457
	456	453	458
	457	454	459
	458	455	460
	459	455	461
	460	455	462
	461	463	464
	462	464	465
	463	463	466
	464	463	467
	465	464	468
	466	465	469
	467	465	470
	468	465	471
	469	472	473
	470	473	474
	471	472	475
	472	472	476
	473	473	477
	474	474	478
	475	474	479
	476	474	480
	477	481	482
	478	482	483
	479	481	484
	480	481	485
	481	482	486
	482	483	487
	483	483	488
	484	483	489
	485	490	491
	486	491	492
	487	490	493
	488	490	494
	489	491	495
	490	492	496
	491	492	497
	492	492	498
	493	499	500
	494	500	501
	495	499	502
	496	499	503
	497	500	504
	498	501	505
	499	501	506
	500	501	507
	501	508	509
	502	509	510
	503	508	511
	504	508	512
	505	509	513
	506	510	514
	507	510	515
	508	510	516
	509	517	518
	510	518	519
	511	517	520
	512	517	521
	513	518	522
	514	519	523
	515	519	524
	516	519	525
	517	526	527
	518	527	528
	519	526	529
	520	526	530
	521	527	531
	522	528	532
	523	528	533
	524	528	534
	525	535	536
	526	536	537
	527	535	538
	528	535	539
	529	536	540
	530	537	541
	531	537	542
	532	537	543
	533	544	545
	534	545	546
	535	544	547
	536	544	548
	537	545	549
	538	546	550
	539	546	551
	540	546	552
	541	553	554
	542	554	555
	543	553	556
	544	553	557
	545	554	558
	546	555	559
	547	555	560
	548	555	561
	549	562	563
	550	563	564
	551	562	565
	552	562	566
	553	563	567
	554	564	568
	555	564	569
	556	564	570
	557	571	572
	558	572	573
	559	571	574
	560	571	575
	561	572	576
	562	573	577
	563	573	578
	564	573	579
	565	580	581
	566	581	582
	567	580	583
	568	580	584
	569	581	585
	570	582	586
	571	582	587
	572	582	588
	573	589	590
	574	590	591
	575	589	592
	576	589	593
	577	590	594
	578	591	595
	579	591	596
	580	591	597
	581	598	599
	582	599	600
	583	598	601
	584	598	602
	585	599	603
	586	600	604
	587	600	605
	588	600	606
	589	607	608
	590	608	609
	591	607	610
	592	607	611
	593	608	612
	594	609	613
	595	609	614
	596	609	615
	597	616	617
	598	617	618
	599	616	619
	600	616	620
	601	617	621
	602	618	622
	603	618	623
	604	618	624
	605	625	626
	606	626	627
	607	625	628
	608	625	629
	609	626	630
	610	627	631
	611	627	632
	612	627	633
	613	634	635
	614	635	636
	615	634	637
	616	634	638
	617	635	639
	618	636	640
	619	636	641
	620	636	642
	621	643	644
	622	644	645
	623	643	646
	624	643	647
	625	644	648
	626	645	649
	627	645	650
	628	645	651
	629	652	653
	630	653	654
	631	652	655
	632	652	656
	633	653	657
	634	654	658
	635	654	659
	636	654	660
	637	661	662
	638	662	663
	639	661	664
	640	661	665
	641	662	666
	642	663	667
	643	663	668
	644	663	669
	645	670	671
	646	671	672
	647	670	673
	648	670	674
	649	671	675
	650	672	676
	651	672	677
	652	672	678
	653	679	680
	654	680	681
	655	679	682
	656	679	683
	657	680	684
	658	681	685
	659	681	686
	660	681	687
	661	688	689
	662	689	690
	663	688	691
	664	688	692
	665	689	693
	666	690	694
	667	690	695
	668	690	696
	669	697	698
	670	698	699
	671	697	700
	672	697	701
	673	698	702
	674	699	703
	675	699	704
	676	699	705
	677	706	707
	678	707	708
	679	706	709
	680	706	710
	681	707	711
	682	708	712
	683	708	713
	684	708	714
	685	715	716
	686	716	717
	687	715	718
	688	715	719
	689	716	720
	690	717	721
	691	717	722
	692	717	723
	693	724	725
	694	725	726
	695	724	727
	696	724	728
	697	725	729
	698	726	730
	699	726	731
	700	726	732
	701	733	734
	702	734	735
	703	733	736
	704	733	737
	705	734	738
	706	735	739
	707	735	740
	708	735	741
	709	742	743
	710	743	744
	711	742	745
	712	742	746
	713	743	747
	714	744	748
	715	744	749
	716	744	750
	717	751	752
	718	752	753
	719	751	754
	720	751	755
	721	752	756
	722	753	757
	723	753	758
	724	753	759
	725	760	761
	726	761	762
	727	760	763
	728	760	764
	729	761	765
	730	762	766
	731	762	767
	732	762	768
	733	769	770
	734	770	771
	735	769	772
	736	769	773
	737	770	774
	738	771	775
	739	771	776
	740	771	777
	741	778	779
	742	779	780
	743	778	781
	744	778	782
	745	779	783
	746	780	784
	747	780	785
	748	780	786
	749	787	788
	750	788	789
	751	787	790
	752	787	791
	753	788	792
	754	789	793
	755	789	794
	756	789	795
	757	796	797
	758	797	798
	759	796	799
	760	796	800
	761	797	801
	762	798	802
	763	798	803
	764	798	804
	765	805	806
	766	806	807
	767	805	808
	768	805	809
	769	806	810
	770	807	811
	771	807	812
	772	807	813
	773	814	815
	774	815	816
	775	814	817
	776	814	818
	777	815	819
	778	816	820
	779	816	821
	780	816	822
	781	823	824
	782	824	825
	783	823	826
	784	823	827
	785	824	828
	786	825	829
	787	825	830
	788	825	831
	789	832	833
	790	833	834
	791	832	835
	792	832	836
	793	833	837
	794	834	838
	795	834	839
	796	834	840
	797	841	842
	798	842	843
	799	841	844
	800	841	845
	801	842	846
	802	843	847
	803	843	848
	804	843	849
	805	850	851
	806	851	852
	807	850	853
	808	850	854
	809	851	855
	810	852	856
	811	852	857
	812	852	858
	813	859	860
	814	860	861
	815	859	862
	816	859	863
	817	860	864
	818	861	865
	819	861	866
	820	861	867
	821	868	869
	822	869	870
	823	868	871
	824	868	872
	825	869	873
	826	870	874
	827	870	875
	828	870	876
	829	877	878
	830	878	879
	831	877	880
	832	877	881
	833	878	882
	834	879	883
	835	879	884
	836	879	885
	837	886	887
	838	887	888
	839	886	889
	840	886	890
	841	887	891
	842	888	892
	843	888	893
	844	888	894
	845	895	896
	846	896	897
	847	895	898
	848	895	899
	849	896	900
	850	896	901
	851	897	902
	852	897	903
	853	897	904
      854  454  463
      855  464  472
      856  473  481
      857  482  490
      858  491  499
      859  500  508
      860  509  517
      861  518  526
      862  527  535
      863  536  544
      864  545  553
      865  554  562
      866  563  571
      867  572  580
      868  581  589
      869  590  598
      870  599  607
      871  608  616
      872  617  625
      873  626  634
      874  635  643
      875  644  652
      876  653  661
      877  662  670
      878  671  679
      879  680  688
      880  689  697
      881  698  706
      882  707  715
      883  716  724
      884  725  733
      885  734  742
      886  743  751
      887  752  760
      888  761  769
      889  770  778
      890  779  787
      891  788  796
      892  797  805
      893  806  814
      894  815  823
      895  824  832
      896  833  841
      897  842  850
      898  851  859
      899  860  868
      900  869  877
      901  878  886
      902  887  895
	903	905	906
	904	906	907
	905	905	908
	906	905	909
	907	905	910
	908	906	911
	909	907	912
	910	907	913
	911	907	914
	912	915	916
	913	916	917
	914	915	918
	915	915	919
	916	916	920
	917	917	921
	918	917	922
	919	917	923
	920	924	925
	921	925	926
	922	924	927
	923	924	928
	924	925	929
	925	926	930
	926	926	931
	927	926	932
	928	933	934
	929	934	935
	930	933	936
	931	933	937
	932	934	938
	933	935	939
	934	935	940
	935	935	941
	936	942	943
	937	943	944
	938	942	945
	939	942	946
	940	943	947
	941	944	948
	942	944	949
	943	944	950
	944	951	952
	945	952	953
	946	951	954
	947	951	955
	948	952	956
	949	953	957
	950	953	958
	951	953	959
	952	960	961
	953	961	962
	954	960	963
	955	960	964
	956	961	965
	957	962	966
	958	962	967
	959	962	968
	960	969	970
	961	970	971
	962	969	972
	963	969	973
	964	970	974
	965	971	975
	966	971	976
	967	971	977
	968	978	979
	969	979	980
	970	978	981
	971	978	982
	972	979	983
	973	980	984
	974	980	985
	975	980	986
	976	987	988
	977	988	989
	978	987	990
	979	987	991
	980	988	992
	981	989	993
	982	989	994
	983	989	995
	984	996	997
	985	997	998
	986	996	999
	987	996	1000
	988	997	1001
	989	998	1002
	990	998	1003
	991	998	1004
	992	1005	1006
	993	1006	1007
	994	1005	1008
	995	1005	1009
	996	1006	1010
	997	1007	1011
	998	1007	1012
	999	1007	1013
	1000	1014	1015
	1001	1015	1016
	1002	1014	1017
	1003	1014	1018
	1004	1015	1019
	1005	1016	1020
	1006	1016	1021
	1007	1016	1022
	1008	1023	1024
	1009	1024	1025
	1010	1023	1026
	1011	1023	1027
	1012	1024	1028
	1013	1025	1029
	1014	1025	1030
	1015	1025	1031
	1016	1032	1033
	1017	1033	1034
	1018	1032	1035
	1019	1032	1036
	1020	1033	1037
	1021	1034	1038
	1022	1034	1039
	1023	1034	1040
	1024	1041	1042
	1025	1042	1043
	1026	1041	1044
	1027	1041	1045
	1028	1042	1046
	1029	1043	1047
	1030	1043	1048
	1031	1043	1049
	1032	1050	1051
	1033	1051	1052
	1034	1050	1053
	1035	1050	1054
	1036	1051	1055
	1037	1052	1056
	1038	1052	1057
	1039	1052	1058
	1040	1059	1060
	1041	1060	1061
	1042	1059	1062
	1043	1059	1063
	1044	1060	1064
	1045	1061	1065
	1046	1061	1066
	1047	1061	1067
	1048	1068	1069
	1049	1069	1070
	1050	1068	1071
	1051	1068	1072
	1052	1069	1073
	1053	1070	1074
	1054	1070	1075
	1055	1070	1076
	1056	1077	1078
	1057	1078	1079
	1058	1077	1080
	1059	1077	1081
	1060	1078	1082
	1061	1079	1083
	1062	1079	1084
	1063	1079	1085
	1064	1086	1087
	1065	1087	1088
	1066	1086	1089
	1067	1086	1090
	1068	1087	1091
	1069	1088	1092
	1070	1088	1093
	1071	1088	1094
	1072	1095	1096
	1073	1096	1097
	1074	1095	1098
	1075	1095	1099
	1076	1096	1100
	1077	1097	1101
	1078	1097	1102
	1079	1097	1103
	1080	1104	1105
	1081	1105	1106
	1082	1104	1107
	1083	1104	1108
	1084	1105	1109
	1085	1106	1110
	1086	1106	1111
	1087	1106	1112
	1088	1113	1114
	1089	1114	1115
	1090	1113	1116
	1091	1113	1117
	1092	1114	1118
	1093	1115	1119
	1094	1115	1120
	1095	1115	1121
	1096	1122	1123
	1097	1123	1124
	1098	1122	1125
	1099	1122	1126
	1100	1123	1127
	1101	1124	1128
	1102	1124	1129
	1103	1124	1130
	1104	1131	1132
	1105	1132	1133
	1106	1131	1134
	1107	1131	1135
	1108	1132	1136
	1109	1133	1137
	1110	1133	1138
	1111	1133	1139
	1112	1140	1141
	1113	1141	1142
	1114	1140	1143
	1115	1140	1144
	1116	1141	1145
	1117	1142	1146
	1118	1142	1147
	1119	1142	1148
	1120	1149	1150
	1121	1150	1151
	1122	1149	1152
	1123	1149	1153
	1124	1150	1154
	1125	1151	1155
	1126	1151	1156
	1127	1151	1157
	1128	1158	1159
	1129	1159	1160
	1130	1158	1161
	1131	1158	1162
	1132	1159	1163
	1133	1160	1164
	1134	1160	1165
	1135	1160	1166
	1136	1167	1168
	1137	1168	1169
	1138	1167	1170
	1139	1167	1171
	1140	1168	1172
	1141	1169	1173
	1142	1169	1174
	1143	1169	1175
	1144	1176	1177
	1145	1177	1178
	1146	1176	1179
	1147	1176	1180
	1148	1177	1181
	1149	1178	1182
	1150	1178	1183
	1151	1178	1184
	1152	1185	1186
	1153	1186	1187
	1154	1185	1188
	1155	1185	1189
	1156	1186	1190
	1157	1187	1191
	1158	1187	1192
	1159	1187	1193
	1160	1194	1195
	1161	1195	1196
	1162	1194	1197
	1163	1194	1198
	1164	1195	1199
	1165	1196	1200
	1166	1196	1201
	1167	1196	1202
	1168	1203	1204
	1169	1204	1205
	1170	1203	1206
	1171	1203	1207
	1172	1204	1208
	1173	1205	1209
	1174	1205	1210
	1175	1205	1211
	1176	1212	1213
	1177	1213	1214
	1178	1212	1215
	1179	1212	1216
	1180	1213	1217
	1181	1214	1218
	1182	1214	1219
	1183	1214	1220
	1184	1221	1222
	1185	1222	1223
	1186	1221	1224
	1187	1221	1225
	1188	1222	1226
	1189	1223	1227
	1190	1223	1228
	1191	1223	1229
	1192	1230	1231
	1193	1231	1232
	1194	1230	1233
	1195	1230	1234
	1196	1231	1235
	1197	1232	1236
	1198	1232	1237
	1199	1232	1238
	1200	1239	1240
	1201	1240	1241
	1202	1239	1242
	1203	1239	1243
	1204	1240	1244
	1205	1241	1245
	1206	1241	1246
	1207	1241	1247
	1208	1248	1249
	1209	1249	1250
	1210	1248	1251
	1211	1248	1252
	1212	1249	1253
	1213	1250	1254
	1214	1250	1255
	1215	1250	1256
	1216	1257	1258
	1217	1258	1259
	1218	1257	1260
	1219	1257	1261
	1220	1258	1262
	1221	1259	1263
	1222	1259	1264
	1223	1259	1265
	1224	1266	1267
	1225	1267	1268
	1226	1266	1269
	1227	1266	1270
	1228	1267	1271
	1229	1268	1272
	1230	1268	1273
	1231	1268	1274
	1232	1275	1276
	1233	1276	1277
	1234	1275	1278
	1235	1275	1279
	1236	1276	1280
	1237	1277	1281
	1238	1277	1282
	1239	1277	1283
	1240	1284	1285
	1241	1285	1286
	1242	1284	1287
	1243	1284	1288
	1244	1285	1289
	1245	1286	1290
	1246	1286	1291
	1247	1286	1292
	1248	1293	1294
	1249	1294	1295
	1250	1293	1296
	1251	1293	1297
	1252	1294	1298
	1253	1295	1299
	1254	1295	1300
	1255	1295	1301
	1256	1302	1303
	1257	1303	1304
	1258	1302	1305
	1259	1302	1306
	1260	1303	1307
	1261	1304	1308
	1262	1304	1309
	1263	1304	1310
	1264	1311	1312
	1265	1312	1313
	1266	1311	1314
	1267	1311	1315
	1268	1312	1316
	1269	1313	1317
	1270	1313	1318
	1271	1313	1319
	1272	1320	1321
	1273	1321	1322
	1274	1320	1323
	1275	1320	1324
	1276	1321	1325
	1277	1322	1326
	1278	1322	1327
	1279	1322	1328
	1280	1329	1330
	1281	1330	1331
	1282	1329	1332
	1283	1329	1333
	1284	1330	1334
	1285	1331	1335
	1286	1331	1336
	1287	1331	1337
	1288	1338	1339
	1289	1339	1340
	1290	1338	1341
	1291	1338	1342
	1292	1339	1343
	1293	1340	1344
	1294	1340	1345
	1295	1340	1346
	1296	1347	1348
	1297	1348	1349
	1298	1347	1350
	1299	1347	1351
	1300	1348	1352
	1301	1348	1353
	1302	1349	1354
	1303	1349	1355
	1304	1349	1356
      1305  906  915
      1306  916  924
      1307  925  933
      1308  934  942
      1309  943  951
      1310  952  960
      1311  961  969
      1312  970  978
      1313  979  987
      1314  988  996
      1315  997  1005
      1316  1006  1014
      1317  1015  1023
      1318  1024  1032
      1319  1033  1041
      1320  1042  1050
      1321  1051  1059
      1322  1060  1068
      1323  1069  1077
      1324  1078  1086
      1325  1087  1095
      1326  1096  1104
      1327  1105  1113
      1328  1114  1122
      1329  1123  1131
      1330  1132  1140
      1331  1141  1149
      1332  1150  1158
      1333  1159  1167
      1334  1168  1176
      1335  1177  1185
      1336  1186  1194
      1337  1195  1203
      1338  1204  1212
      1339  1213  1221
      1340  1222  1230
      1341  1231  1239
      1342  1240  1248
      1343  1249  1257
      1344  1258  1266
      1345  1267  1275
      1346  1276  1284
      1347  1285  1293
      1348  1294  1302
      1349  1303  1311
      1350  1312  1320
      1351  1321  1329
      1352  1330  1338
      1353  1339  1347
	1354	1357	1358
	1355	1358	1359
	1356	1357	1360
	1357	1357	1361
	1358	1357	1362
	1359	1358	1363
	1360	1359	1364
	1361	1359	1365
	1362	1359	1366
	1363	1367	1368
	1364	1368	1369
	1365	1367	1370
	1366	1367	1371
	1367	1368	1372
	1368	1369	1373
	1369	1369	1374
	1370	1369	1375
	1371	1376	1377
	1372	1377	1378
	1373	1376	1379
	1374	1376	1380
	1375	1377	1381
	1376	1378	1382
	1377	1378	1383
	1378	1378	1384
	1379	1385	1386
	1380	1386	1387
	1381	1385	1388
	1382	1385	1389
	1383	1386	1390
	1384	1387	1391
	1385	1387	1392
	1386	1387	1393
	1387	1394	1395
	1388	1395	1396
	1389	1394	1397
	1390	1394	1398
	1391	1395	1399
	1392	1396	1400
	1393	1396	1401
	1394	1396	1402
	1395	1403	1404
	1396	1404	1405
	1397	1403	1406
	1398	1403	1407
	1399	1404	1408
	1400	1405	1409
	1401	1405	1410
	1402	1405	1411
	1403	1412	1413
	1404	1413	1414
	1405	1412	1415
	1406	1412	1416
	1407	1413	1417
	1408	1414	1418
	1409	1414	1419
	1410	1414	1420
	1411	1421	1422
	1412	1422	1423
	1413	1421	1424
	1414	1421	1425
	1415	1422	1426
	1416	1423	1427
	1417	1423	1428
	1418	1423	1429
	1419	1430	1431
	1420	1431	1432
	1421	1430	1433
	1422	1430	1434
	1423	1431	1435
	1424	1432	1436
	1425	1432	1437
	1426	1432	1438
	1427	1439	1440
	1428	1440	1441
	1429	1439	1442
	1430	1439	1443
	1431	1440	1444
	1432	1441	1445
	1433	1441	1446
	1434	1441	1447
	1435	1448	1449
	1436	1449	1450
	1437	1448	1451
	1438	1448	1452
	1439	1449	1453
	1440	1450	1454
	1441	1450	1455
	1442	1450	1456
	1443	1457	1458
	1444	1458	1459
	1445	1457	1460
	1446	1457	1461
	1447	1458	1462
	1448	1459	1463
	1449	1459	1464
	1450	1459	1465
	1451	1466	1467
	1452	1467	1468
	1453	1466	1469
	1454	1466	1470
	1455	1467	1471
	1456	1468	1472
	1457	1468	1473
	1458	1468	1474
	1459	1475	1476
	1460	1476	1477
	1461	1475	1478
	1462	1475	1479
	1463	1476	1480
	1464	1477	1481
	1465	1477	1482
	1466	1477	1483
	1467	1484	1485
	1468	1485	1486
	1469	1484	1487
	1470	1484	1488
	1471	1485	1489
	1472	1486	1490
	1473	1486	1491
	1474	1486	1492
	1475	1493	1494
	1476	1494	1495
	1477	1493	1496
	1478	1493	1497
	1479	1494	1498
	1480	1495	1499
	1481	1495	1500
	1482	1495	1501
	1483	1502	1503
	1484	1503	1504
	1485	1502	1505
	1486	1502	1506
	1487	1503	1507
	1488	1504	1508
	1489	1504	1509
	1490	1504	1510
	1491	1511	1512
	1492	1512	1513
	1493	1511	1514
	1494	1511	1515
	1495	1512	1516
	1496	1513	1517
	1497	1513	1518
	1498	1513	1519
	1499	1520	1521
	1500	1521	1522
	1501	1520	1523
	1502	1520	1524
	1503	1521	1525
	1504	1522	1526
	1505	1522	1527
	1506	1522	1528
	1507	1529	1530
	1508	1530	1531
	1509	1529	1532
	1510	1529	1533
	1511	1530	1534
	1512	1531	1535
	1513	1531	1536
	1514	1531	1537
	1515	1538	1539
	1516	1539	1540
	1517	1538	1541
	1518	1538	1542
	1519	1539	1543
	1520	1540	1544
	1521	1540	1545
	1522	1540	1546
	1523	1547	1548
	1524	1548	1549
	1525	1547	1550
	1526	1547	1551
	1527	1548	1552
	1528	1549	1553
	1529	1549	1554
	1530	1549	1555
	1531	1556	1557
	1532	1557	1558
	1533	1556	1559
	1534	1556	1560
	1535	1557	1561
	1536	1558	1562
	1537	1558	1563
	1538	1558	1564
	1539	1565	1566
	1540	1566	1567
	1541	1565	1568
	1542	1565	1569
	1543	1566	1570
	1544	1567	1571
	1545	1567	1572
	1546	1567	1573
	1547	1574	1575
	1548	1575	1576
	1549	1574	1577
	1550	1574	1578
	1551	1575	1579
	1552	1576	1580
	1553	1576	1581
	1554	1576	1582
	1555	1583	1584
	1556	1584	1585
	1557	1583	1586
	1558	1583	1587
	1559	1584	1588
	1560	1585	1589
	1561	1585	1590
	1562	1585	1591
	1563	1592	1593
	1564	1593	1594
	1565	1592	1595
	1566	1592	1596
	1567	1593	1597
	1568	1594	1598
	1569	1594	1599
	1570	1594	1600
	1571	1601	1602
	1572	1602	1603
	1573	1601	1604
	1574	1601	1605
	1575	1602	1606
	1576	1603	1607
	1577	1603	1608
	1578	1603	1609
	1579	1610	1611
	1580	1611	1612
	1581	1610	1613
	1582	1610	1614
	1583	1611	1615
	1584	1612	1616
	1585	1612	1617
	1586	1612	1618
	1587	1619	1620
	1588	1620	1621
	1589	1619	1622
	1590	1619	1623
	1591	1620	1624
	1592	1621	1625
	1593	1621	1626
	1594	1621	1627
	1595	1628	1629
	1596	1629	1630
	1597	1628	1631
	1598	1628	1632
	1599	1629	1633
	1600	1630	1634
	1601	1630	1635
	1602	1630	1636
	1603	1637	1638
	1604	1638	1639
	1605	1637	1640
	1606	1637	1641
	1607	1638	1642
	1608	1639	1643
	1609	1639	1644
	1610	1639	1645
	1611	1646	1647
	1612	1647	1648
	1613	1646	1649
	1614	1646	1650
	1615	1647	1651
	1616	1648	1652
	1617	1648	1653
	1618	1648	1654
	1619	1655	1656
	1620	1656	1657
	1621	1655	1658
	1622	1655	1659
	1623	1656	1660
	1624	1657	1661
	1625	1657	1662
	1626	1657	1663
	1627	1664	1665
	1628	1665	1666
	1629	1664	1667
	1630	1664	1668
	1631	1665	1669
	1632	1666	1670
	1633	1666	1671
	1634	1666	1672
	1635	1673	1674
	1636	1674	1675
	1637	1673	1676
	1638	1673	1677
	1639	1674	1678
	1640	1675	1679
	1641	1675	1680
	1642	1675	1681
	1643	1682	1683
	1644	1683	1684
	1645	1682	1685
	1646	1682	1686
	1647	1683	1687
	1648	1684	1688
	1649	1684	1689
	1650	1684	1690
	1651	1691	1692
	1652	1692	1693
	1653	1691	1694
	1654	1691	1695
	1655	1692	1696
	1656	1693	1697
	1657	1693	1698
	1658	1693	1699
	1659	1700	1701
	1660	1701	1702
	1661	1700	1703
	1662	1700	1704
	1663	1701	1705
	1664	1702	1706
	1665	1702	1707
	1666	1702	1708
	1667	1709	1710
	1668	1710	1711
	1669	1709	1712
	1670	1709	1713
	1671	1710	1714
	1672	1711	1715
	1673	1711	1716
	1674	1711	1717
	1675	1718	1719
	1676	1719	1720
	1677	1718	1721
	1678	1718	1722
	1679	1719	1723
	1680	1720	1724
	1681	1720	1725
	1682	1720	1726
	1683	1727	1728
	1684	1728	1729
	1685	1727	1730
	1686	1727	1731
	1687	1728	1732
	1688	1729	1733
	1689	1729	1734
	1690	1729	1735
	1691	1736	1737
	1692	1737	1738
	1693	1736	1739
	1694	1736	1740
	1695	1737	1741
	1696	1738	1742
	1697	1738	1743
	1698	1738	1744
	1699	1745	1746
	1700	1746	1747
	1701	1745	1748
	1702	1745	1749
	1703	1746	1750
	1704	1747	1751
	1705	1747	1752
	1706	1747	1753
	1707	1754	1755
	1708	1755	1756
	1709	1754	1757
	1710	1754	1758
	1711	1755	1759
	1712	1756	1760
	1713	1756	1761
	1714	1756	1762
	1715	1763	1764
	1716	1764	1765
	1717	1763	1766
	1718	1763	1767
	1719	1764	1768
	1720	1765	1769
	1721	1765	1770
	1722	1765	1771
	1723	1772	1773
	1724	1773	1774
	1725	1772	1775
	1726	1772	1776
	1727	1773	1777
	1728	1774	1778
	1729	1774	1779
	1730	1774	1780
	1731	1781	1782
	1732	1782	1783
	1733	1781	1784
	1734	1781	1785
	1735	1782	1786
	1736	1783	1787
	1737	1783	1788
	1738	1783	1789
	1739	1790	1791
	1740	1791	1792
	1741	1790	1793
	1742	1790	1794
	1743	1791	1795
	1744	1792	1796
	1745	1792	1797
	1746	1792	1798
	1747	1799	1800
	1748	1800	1801
	1749	1799	1802
	1750	1799	1803
	1751	1800	1804
	1752	1800	1805
	1753	1801	1806
	1754	1801	1807
	1755	1801	1808
      1756  1358  1367
      1757  1368  1376
      1758  1377  1385
      1759  1386  1394
      1760  1395  1403
      1761  1404  1412
      1762  1413  1421
      1763  1422  1430
      1764  1431  1439
      1765  1440  1448
      1766  1449  1457
      1767  1458  1466
      1768  1467  1475
      1769  1476  1484
      1770  1485  1493
      1771  1494  1502
      1772  1503  1511
      1773  1512  1520
      1774  1521  1529
      1775  1530  1538
      1776  1539  1547
      1777  1548  1556
      1778  1557  1565
      1779  1566  1574
      1780  1575  1583
      1781  1584  1592
      1782  1593  1601
      1783  1602  1610
      1784  1611  1619
      1785  1620  1628
      1786  1629  1637
      1787  1638  1646
      1788  1647  1655
      1789  1656  1664
      1790  1665  1673
      1791  1674  1682
      1792  1683  1691
      1793  1692  1700
      1794  1701  1709
      1795  1710  1718
      1796  1719  1727
      1797  1728  1736
      1798  1737  1745
      1799  1746  1754
      1800  1755  1763
      1801  1764  1772
      1802  1773  1781
      1803  1782  1790
      1804  1791  1799
	1805	1809	1810
	1806	1810	1811
	1807	1809	1812
	1808	1809	1813
	1809	1809	1814
	1810	1810	1815
	1811	1811	1816
	1812	1811	1817
	1813	1811	1818
	1814	1819	1820
	1815	1820	1821
	1816	1819	1822
	1817	1819	1823
	1818	1820	1824
	1819	1821	1825
	1820	1821	1826
	1821	1821	1827
	1822	1828	1829
	1823	1829	1830
	1824	1828	1831
	1825	1828	1832
	1826	1829	1833
	1827	1830	1834
	1828	1830	1835
	1829	1830	1836
	1830	1837	1838
	1831	1838	1839
	1832	1837	1840
	1833	1837	1841
	1834	1838	1842
	1835	1839	1843
	1836	1839	1844
	1837	1839	1845
	1838	1846	1847
	1839	1847	1848
	1840	1846	1849
	1841	1846	1850
	1842	1847	1851
	1843	1848	1852
	1844	1848	1853
	1845	1848	1854
	1846	1855	1856
	1847	1856	1857
	1848	1855	1858
	1849	1855	1859
	1850	1856	1860
	1851	1857	1861
	1852	1857	1862
	1853	1857	1863
	1854	1864	1865
	1855	1865	1866
	1856	1864	1867
	1857	1864	1868
	1858	1865	1869
	1859	1866	1870
	1860	1866	1871
	1861	1866	1872
	1862	1873	1874
	1863	1874	1875
	1864	1873	1876
	1865	1873	1877
	1866	1874	1878
	1867	1875	1879
	1868	1875	1880
	1869	1875	1881
	1870	1882	1883
	1871	1883	1884
	1872	1882	1885
	1873	1882	1886
	1874	1883	1887
	1875	1884	1888
	1876	1884	1889
	1877	1884	1890
	1878	1891	1892
	1879	1892	1893
	1880	1891	1894
	1881	1891	1895
	1882	1892	1896
	1883	1893	1897
	1884	1893	1898
	1885	1893	1899
	1886	1900	1901
	1887	1901	1902
	1888	1900	1903
	1889	1900	1904
	1890	1901	1905
	1891	1902	1906
	1892	1902	1907
	1893	1902	1908
	1894	1909	1910
	1895	1910	1911
	1896	1909	1912
	1897	1909	1913
	1898	1910	1914
	1899	1911	1915
	1900	1911	1916
	1901	1911	1917
	1902	1918	1919
	1903	1919	1920
	1904	1918	1921
	1905	1918	1922
	1906	1919	1923
	1907	1920	1924
	1908	1920	1925
	1909	1920	1926
	1910	1927	1928
	1911	1928	1929
	1912	1927	1930
	1913	1927	1931
	1914	1928	1932
	1915	1929	1933
	1916	1929	1934
	1917	1929	1935
	1918	1936	1937
	1919	1937	1938
	1920	1936	1939
	1921	1936	1940
	1922	1937	1941
	1923	1938	1942
	1924	1938	1943
	1925	1938	1944
	1926	1945	1946
	1927	1946	1947
	1928	1945	1948
	1929	1945	1949
	1930	1946	1950
	1931	1947	1951
	1932	1947	1952
	1933	1947	1953
	1934	1954	1955
	1935	1955	1956
	1936	1954	1957
	1937	1954	1958
	1938	1955	1959
	1939	1956	1960
	1940	1956	1961
	1941	1956	1962
	1942	1963	1964
	1943	1964	1965
	1944	1963	1966
	1945	1963	1967
	1946	1964	1968
	1947	1965	1969
	1948	1965	1970
	1949	1965	1971
	1950	1972	1973
	1951	1973	1974
	1952	1972	1975
	1953	1972	1976
	1954	1973	1977
	1955	1974	1978
	1956	1974	1979
	1957	1974	1980
	1958	1981	1982
	1959	1982	1983
	1960	1981	1984
	1961	1981	1985
	1962	1982	1986
	1963	1983	1987
	1964	1983	1988
	1965	1983	1989
	1966	1990	1991
	1967	1991	1992
	1968	1990	1993
	1969	1990	1994
	1970	1991	1995
	1971	1992	1996
	1972	1992	1997
	1973	1992	1998
	1974	1999	2000
	1975	2000	2001
	1976	1999	2002
	1977	1999	2003
	1978	2000	2004
	1979	2001	2005
	1980	2001	2006
	1981	2001	2007
	1982	2008	2009
	1983	2009	2010
	1984	2008	2011
	1985	2008	2012
	1986	2009	2013
	1987	2010	2014
	1988	2010	2015
	1989	2010	2016
	1990	2017	2018
	1991	2018	2019
	1992	2017	2020
	1993	2017	2021
	1994	2018	2022
	1995	2019	2023
	1996	2019	2024
	1997	2019	2025
	1998	2026	2027
	1999	2027	2028
	2000	2026	2029
	2001	2026	2030
	2002	2027	2031
	2003	2028	2032
	2004	2028	2033
	2005	2028	2034
	2006	2035	2036
	2007	2036	2037
	2008	2035	2038
	2009	2035	2039
	2010	2036	2040
	2011	2037	2041
	2012	2037	2042
	2013	2037	2043
	2014	2044	2045
	2015	2045	2046
	2016	2044	2047
	2017	2044	2048
	2018	2045	2049
	2019	2046	2050
	2020	2046	2051
	2021	2046	2052
	2022	2053	2054
	2023	2054	2055
	2024	2053	2056
	2025	2053	2057
	2026	2054	2058
	2027	2055	2059
	2028	2055	2060
	2029	2055	2061
	2030	2062	2063
	2031	2063	2064
	2032	2062	2065
	2033	2062	2066
	2034	2063	2067
	2035	2064	2068
	2036	2064	2069
	2037	2064	2070
	2038	2071	2072
	2039	2072	2073
	2040	2071	2074
	2041	2071	2075
	2042	2072	2076
	2043	2073	2077
	2044	2073	2078
	2045	2073	2079
	2046	2080	2081
	2047	2081	2082
	2048	2080	2083
	2049	2080	2084
	2050	2081	2085
	2051	2082	2086
	2052	2082	2087
	2053	2082	2088
	2054	2089	2090
	2055	2090	2091
	2056	2089	2092
	2057	2089	2093
	2058	2090	2094
	2059	2091	2095
	2060	2091	2096
	2061	2091	2097
	2062	2098	2099
	2063	2099	2100
	2064	2098	2101
	2065	2098	2102
	2066	2099	2103
	2067	2100	2104
	2068	2100	2105
	2069	2100	2106
	2070	2107	2108
	2071	2108	2109
	2072	2107	2110
	2073	2107	2111
	2074	2108	2112
	2075	2109	2113
	2076	2109	2114
	2077	2109	2115
	2078	2116	2117
	2079	2117	2118
	2080	2116	2119
	2081	2116	2120
	2082	2117	2121
	2083	2118	2122
	2084	2118	2123
	2085	2118	2124
	2086	2125	2126
	2087	2126	2127
	2088	2125	2128
	2089	2125	2129
	2090	2126	2130
	2091	2127	2131
	2092	2127	2132
	2093	2127	2133
	2094	2134	2135
	2095	2135	2136
	2096	2134	2137
	2097	2134	2138
	2098	2135	2139
	2099	2136	2140
	2100	2136	2141
	2101	2136	2142
	2102	2143	2144
	2103	2144	2145
	2104	2143	2146
	2105	2143	2147
	2106	2144	2148
	2107	2145	2149
	2108	2145	2150
	2109	2145	2151
	2110	2152	2153
	2111	2153	2154
	2112	2152	2155
	2113	2152	2156
	2114	2153	2157
	2115	2154	2158
	2116	2154	2159
	2117	2154	2160
	2118	2161	2162
	2119	2162	2163
	2120	2161	2164
	2121	2161	2165
	2122	2162	2166
	2123	2163	2167
	2124	2163	2168
	2125	2163	2169
	2126	2170	2171
	2127	2171	2172
	2128	2170	2173
	2129	2170	2174
	2130	2171	2175
	2131	2172	2176
	2132	2172	2177
	2133	2172	2178
	2134	2179	2180
	2135	2180	2181
	2136	2179	2182
	2137	2179	2183
	2138	2180	2184
	2139	2181	2185
	2140	2181	2186
	2141	2181	2187
	2142	2188	2189
	2143	2189	2190
	2144	2188	2191
	2145	2188	2192
	2146	2189	2193
	2147	2190	2194
	2148	2190	2195
	2149	2190	2196
	2150	2197	2198
	2151	2198	2199
	2152	2197	2200
	2153	2197	2201
	2154	2198	2202
	2155	2199	2203
	2156	2199	2204
	2157	2199	2205
	2158	2206	2207
	2159	2207	2208
	2160	2206	2209
	2161	2206	2210
	2162	2207	2211
	2163	2208	2212
	2164	2208	2213
	2165	2208	2214
	2166	2215	2216
	2167	2216	2217
	2168	2215	2218
	2169	2215	2219
	2170	2216	2220
	2171	2217	2221
	2172	2217	2222
	2173	2217	2223
	2174	2224	2225
	2175	2225	2226
	2176	2224	2227
	2177	2224	2228
	2178	2225	2229
	2179	2226	2230
	2180	2226	2231
	2181	2226	2232
	2182	2233	2234
	2183	2234	2235
	2184	2233	2236
	2185	2233	2237
	2186	2234	2238
	2187	2235	2239
	2188	2235	2240
	2189	2235	2241
	2190	2242	2243
	2191	2243	2244
	2192	2242	2245
	2193	2242	2246
	2194	2243	2247
	2195	2244	2248
	2196	2244	2249
	2197	2244	2250
	2198	2251	2252
	2199	2252	2253
	2200	2251	2254
	2201	2251	2255
	2202	2252	2256
	2203	2252	2257
	2204	2253	2258
	2205	2253	2259
	2206	2253	2260
      2207  1810  1819
      2208  1820  1828
      2209  1829  1837
      2210  1838  1846
      2211  1847  1855
      2212  1856  1864
      2213  1865  1873
      2214  1874  1882
      2215  1883  1891
      2216  1892  1900
      2217  1901  1909
      2218  1910  1918
      2219  1919  1927
      2220  1928  1936
      2221  1937  1945
      2222  1946  1954
      2223  1955  1963
      2224  1964  1972
      2225  1973  1981
      2226  1982  1990
      2227  1991  1999
      2228  2000  2008
      2229  2009  2017
      2230  2018  2026
      2231  2027  2035
      2232  2036  2044
      2233  2045  2053
      2234  2054  2062
      2235  2063  2071
      2236  2072  2080
      2237  2081  2089
      2238  2090  2098
      2239  2099  2107
      2240  2108  2116
      2241  2117  2125
      2242  2126  2134
      2243  2135  2143
      2244  2144  2152
      2245  2153  2161
      2246  2162  2170
      2247  2171  2179
      2248  2180  2188
      2249  2189  2197
      2250  2198  2206
      2251  2207  2215
      2252  2216  2224
      2253  2225  2233
      2254  2234  2242
      2255  2243  2251
	2256	2261	2262
	2257	2262	2263
	2258	2261	2264
	2259	2261	2265
	2260	2261	2266
	2261	2262	2267
	2262	2263	2268
	2263	2263	2269
	2264	2263	2270
	2265	2271	2272
	2266	2272	2273
	2267	2271	2274
	2268	2271	2275
	2269	2272	2276
	2270	2273	2277
	2271	2273	2278
	2272	2273	2279
	2273	2280	2281
	2274	2281	2282
	2275	2280	2283
	2276	2280	2284
	2277	2281	2285
	2278	2282	2286
	2279	2282	2287
	2280	2282	2288
	2281	2289	2290
	2282	2290	2291
	2283	2289	2292
	2284	2289	2293
	2285	2290	2294
	2286	2291	2295
	2287	2291	2296
	2288	2291	2297
	2289	2298	2299
	2290	2299	2300
	2291	2298	2301
	2292	2298	2302
	2293	2299	2303
	2294	2300	2304
	2295	2300	2305
	2296	2300	2306
	2297	2307	2308
	2298	2308	2309
	2299	2307	2310
	2300	2307	2311
	2301	2308	2312
	2302	2309	2313
	2303	2309	2314
	2304	2309	2315
	2305	2316	2317
	2306	2317	2318
	2307	2316	2319
	2308	2316	2320
	2309	2317	2321
	2310	2318	2322
	2311	2318	2323
	2312	2318	2324
	2313	2325	2326
	2314	2326	2327
	2315	2325	2328
	2316	2325	2329
	2317	2326	2330
	2318	2327	2331
	2319	2327	2332
	2320	2327	2333
	2321	2334	2335
	2322	2335	2336
	2323	2334	2337
	2324	2334	2338
	2325	2335	2339
	2326	2336	2340
	2327	2336	2341
	2328	2336	2342
	2329	2343	2344
	2330	2344	2345
	2331	2343	2346
	2332	2343	2347
	2333	2344	2348
	2334	2345	2349
	2335	2345	2350
	2336	2345	2351
	2337	2352	2353
	2338	2353	2354
	2339	2352	2355
	2340	2352	2356
	2341	2353	2357
	2342	2354	2358
	2343	2354	2359
	2344	2354	2360
	2345	2361	2362
	2346	2362	2363
	2347	2361	2364
	2348	2361	2365
	2349	2362	2366
	2350	2363	2367
	2351	2363	2368
	2352	2363	2369
	2353	2370	2371
	2354	2371	2372
	2355	2370	2373
	2356	2370	2374
	2357	2371	2375
	2358	2372	2376
	2359	2372	2377
	2360	2372	2378
	2361	2379	2380
	2362	2380	2381
	2363	2379	2382
	2364	2379	2383
	2365	2380	2384
	2366	2381	2385
	2367	2381	2386
	2368	2381	2387
	2369	2388	2389
	2370	2389	2390
	2371	2388	2391
	2372	2388	2392
	2373	2389	2393
	2374	2390	2394
	2375	2390	2395
	2376	2390	2396
	2377	2397	2398
	2378	2398	2399
	2379	2397	2400
	2380	2397	2401
	2381	2398	2402
	2382	2399	2403
	2383	2399	2404
	2384	2399	2405
	2385	2406	2407
	2386	2407	2408
	2387	2406	2409
	2388	2406	2410
	2389	2407	2411
	2390	2408	2412
	2391	2408	2413
	2392	2408	2414
	2393	2415	2416
	2394	2416	2417
	2395	2415	2418
	2396	2415	2419
	2397	2416	2420
	2398	2417	2421
	2399	2417	2422
	2400	2417	2423
	2401	2424	2425
	2402	2425	2426
	2403	2424	2427
	2404	2424	2428
	2405	2425	2429
	2406	2426	2430
	2407	2426	2431
	2408	2426	2432
	2409	2433	2434
	2410	2434	2435
	2411	2433	2436
	2412	2433	2437
	2413	2434	2438
	2414	2435	2439
	2415	2435	2440
	2416	2435	2441
	2417	2442	2443
	2418	2443	2444
	2419	2442	2445
	2420	2442	2446
	2421	2443	2447
	2422	2444	2448
	2423	2444	2449
	2424	2444	2450
	2425	2451	2452
	2426	2452	2453
	2427	2451	2454
	2428	2451	2455
	2429	2452	2456
	2430	2453	2457
	2431	2453	2458
	2432	2453	2459
	2433	2460	2461
	2434	2461	2462
	2435	2460	2463
	2436	2460	2464
	2437	2461	2465
	2438	2462	2466
	2439	2462	2467
	2440	2462	2468
	2441	2469	2470
	2442	2470	2471
	2443	2469	2472
	2444	2469	2473
	2445	2470	2474
	2446	2471	2475
	2447	2471	2476
	2448	2471	2477
	2449	2478	2479
	2450	2479	2480
	2451	2478	2481
	2452	2478	2482
	2453	2479	2483
	2454	2480	2484
	2455	2480	2485
	2456	2480	2486
	2457	2487	2488
	2458	2488	2489
	2459	2487	2490
	2460	2487	2491
	2461	2488	2492
	2462	2489	2493
	2463	2489	2494
	2464	2489	2495
	2465	2496	2497
	2466	2497	2498
	2467	2496	2499
	2468	2496	2500
	2469	2497	2501
	2470	2498	2502
	2471	2498	2503
	2472	2498	2504
	2473	2505	2506
	2474	2506	2507
	2475	2505	2508
	2476	2505	2509
	2477	2506	2510
	2478	2507	2511
	2479	2507	2512
	2480	2507	2513
	2481	2514	2515
	2482	2515	2516
	2483	2514	2517
	2484	2514	2518
	2485	2515	2519
	2486	2516	2520
	2487	2516	2521
	2488	2516	2522
	2489	2523	2524
	2490	2524	2525
	2491	2523	2526
	2492	2523	2527
	2493	2524	2528
	2494	2525	2529
	2495	2525	2530
	2496	2525	2531
	2497	2532	2533
	2498	2533	2534
	2499	2532	2535
	2500	2532	2536
	2501	2533	2537
	2502	2534	2538
	2503	2534	2539
	2504	2534	2540
	2505	2541	2542
	2506	2542	2543
	2507	2541	2544
	2508	2541	2545
	2509	2542	2546
	2510	2543	2547
	2511	2543	2548
	2512	2543	2549
	2513	2550	2551
	2514	2551	2552
	2515	2550	2553
	2516	2550	2554
	2517	2551	2555
	2518	2552	2556
	2519	2552	2557
	2520	2552	2558
	2521	2559	2560
	2522	2560	2561
	2523	2559	2562
	2524	2559	2563
	2525	2560	2564
	2526	2561	2565
	2527	2561	2566
	2528	2561	2567
	2529	2568	2569
	2530	2569	2570
	2531	2568	2571
	2532	2568	2572
	2533	2569	2573
	2534	2570	2574
	2535	2570	2575
	2536	2570	2576
	2537	2577	2578
	2538	2578	2579
	2539	2577	2580
	2540	2577	2581
	2541	2578	2582
	2542	2579	2583
	2543	2579	2584
	2544	2579	2585
	2545	2586	2587
	2546	2587	2588
	2547	2586	2589
	2548	2586	2590
	2549	2587	2591
	2550	2588	2592
	2551	2588	2593
	2552	2588	2594
	2553	2595	2596
	2554	2596	2597
	2555	2595	2598
	2556	2595	2599
	2557	2596	2600
	2558	2597	2601
	2559	2597	2602
	2560	2597	2603
	2561	2604	2605
	2562	2605	2606
	2563	2604	2607
	2564	2604	2608
	2565	2605	2609
	2566	2606	2610
	2567	2606	2611
	2568	2606	2612
	2569	2613	2614
	2570	2614	2615
	2571	2613	2616
	2572	2613	2617
	2573	2614	2618
	2574	2615	2619
	2575	2615	2620
	2576	2615	2621
	2577	2622	2623
	2578	2623	2624
	2579	2622	2625
	2580	2622	2626
	2581	2623	2627
	2582	2624	2628
	2583	2624	2629
	2584	2624	2630
	2585	2631	2632
	2586	2632	2633
	2587	2631	2634
	2588	2631	2635
	2589	2632	2636
	2590	2633	2637
	2591	2633	2638
	2592	2633	2639
	2593	2640	2641
	2594	2641	2642
	2595	2640	2643
	2596	2640	2644
	2597	2641	2645
	2598	2642	2646
	2599	2642	2647
	2600	2642	2648
	2601	2649	2650
	2602	2650	2651
	2603	2649	2652
	2604	2649	2653
	2605	2650	2654
	2606	2651	2655
	2607	2651	2656
	2608	2651	2657
	2609	2658	2659
	2610	2659	2660
	2611	2658	2661
	2612	2658	2662
	2613	2659	2663
	2614	2660	2664
	2615	2660	2665
	2616	2660	2666
	2617	2667	2668
	2618	2668	2669
	2619	2667	2670
	2620	2667	2671
	2621	2668	2672
	2622	2669	2673
	2623	2669	2674
	2624	2669	2675
	2625	2676	2677
	2626	2677	2678
	2627	2676	2679
	2628	2676	2680
	2629	2677	2681
	2630	2678	2682
	2631	2678	2683
	2632	2678	2684
	2633	2685	2686
	2634	2686	2687
	2635	2685	2688
	2636	2685	2689
	2637	2686	2690
	2638	2687	2691
	2639	2687	2692
	2640	2687	2693
	2641	2694	2695
	2642	2695	2696
	2643	2694	2697
	2644	2694	2698
	2645	2695	2699
	2646	2696	2700
	2647	2696	2701
	2648	2696	2702
	2649	2703	2704
	2650	2704	2705
	2651	2703	2706
	2652	2703	2707
	2653	2704	2708
	2654	2704	2709
	2655	2705	2710
	2656	2705	2711
	2657	2705	2712
      2658  2262  2271
      2659  2272  2280
      2660  2281  2289
      2661  2290  2298
      2662  2299  2307
      2663  2308  2316
      2664  2317  2325
      2665  2326  2334
      2666  2335  2343
      2667  2344  2352
      2668  2353  2361
      2669  2362  2370
      2670  2371  2379
      2671  2380  2388
      2672  2389  2397
      2673  2398  2406
      2674  2407  2415
      2675  2416  2424
      2676  2425  2433
      2677  2434  2442
      2678  2443  2451
      2679  2452  2460
      2680  2461  2469
      2681  2470  2478
      2682  2479  2487
      2683  2488  2496
      2684  2497  2505
      2685  2506  2514
      2686  2515  2523
      2687  2524  2532
      2688  2533  2541
      2689  2542  2550
      2690  2551  2559
      2691  2560  2568
      2692  2569  2577
      2693  2578  2586
      2694  2587  2595
      2695  2596  2604
      2696  2605  2613
      2697  2614  2622
      2698  2623  2631
      2699  2632  2640
      2700  2641  2649
      2701  2650  2658
      2702  2659  2667
      2703  2668  2676
      2704  2677  2685
      2705  2686  2694
      2706  2695  2703
	2707	2713	2714
	2708	2714	2715
	2709	2713	2716
	2710	2713	2717
	2711	2713	2718
	2712	2714	2719
	2713	2715	2720
	2714	2715	2721
	2715	2715	2722
	2716	2723	2724
	2717	2724	2725
	2718	2723	2726
	2719	2723	2727
	2720	2724	2728
	2721	2725	2729
	2722	2725	2730
	2723	2725	2731
	2724	2732	2733
	2725	2733	2734
	2726	2732	2735
	2727	2732	2736
	2728	2733	2737
	2729	2734	2738
	2730	2734	2739
	2731	2734	2740
	2732	2741	2742
	2733	2742	2743
	2734	2741	2744
	2735	2741	2745
	2736	2742	2746
	2737	2743	2747
	2738	2743	2748
	2739	2743	2749
	2740	2750	2751
	2741	2751	2752
	2742	2750	2753
	2743	2750	2754
	2744	2751	2755
	2745	2752	2756
	2746	2752	2757
	2747	2752	2758
	2748	2759	2760
	2749	2760	2761
	2750	2759	2762
	2751	2759	2763
	2752	2760	2764
	2753	2761	2765
	2754	2761	2766
	2755	2761	2767
	2756	2768	2769
	2757	2769	2770
	2758	2768	2771
	2759	2768	2772
	2760	2769	2773
	2761	2770	2774
	2762	2770	2775
	2763	2770	2776
	2764	2777	2778
	2765	2778	2779
	2766	2777	2780
	2767	2777	2781
	2768	2778	2782
	2769	2779	2783
	2770	2779	2784
	2771	2779	2785
	2772	2786	2787
	2773	2787	2788
	2774	2786	2789
	2775	2786	2790
	2776	2787	2791
	2777	2788	2792
	2778	2788	2793
	2779	2788	2794
	2780	2795	2796
	2781	2796	2797
	2782	2795	2798
	2783	2795	2799
	2784	2796	2800
	2785	2797	2801
	2786	2797	2802
	2787	2797	2803
	2788	2804	2805
	2789	2805	2806
	2790	2804	2807
	2791	2804	2808
	2792	2805	2809
	2793	2806	2810
	2794	2806	2811
	2795	2806	2812
	2796	2813	2814
	2797	2814	2815
	2798	2813	2816
	2799	2813	2817
	2800	2814	2818
	2801	2815	2819
	2802	2815	2820
	2803	2815	2821
	2804	2822	2823
	2805	2823	2824
	2806	2822	2825
	2807	2822	2826
	2808	2823	2827
	2809	2824	2828
	2810	2824	2829
	2811	2824	2830
	2812	2831	2832
	2813	2832	2833
	2814	2831	2834
	2815	2831	2835
	2816	2832	2836
	2817	2833	2837
	2818	2833	2838
	2819	2833	2839
	2820	2840	2841
	2821	2841	2842
	2822	2840	2843
	2823	2840	2844
	2824	2841	2845
	2825	2842	2846
	2826	2842	2847
	2827	2842	2848
	2828	2849	2850
	2829	2850	2851
	2830	2849	2852
	2831	2849	2853
	2832	2850	2854
	2833	2851	2855
	2834	2851	2856
	2835	2851	2857
	2836	2858	2859
	2837	2859	2860
	2838	2858	2861
	2839	2858	2862
	2840	2859	2863
	2841	2860	2864
	2842	2860	2865
	2843	2860	2866
	2844	2867	2868
	2845	2868	2869
	2846	2867	2870
	2847	2867	2871
	2848	2868	2872
	2849	2869	2873
	2850	2869	2874
	2851	2869	2875
	2852	2876	2877
	2853	2877	2878
	2854	2876	2879
	2855	2876	2880
	2856	2877	2881
	2857	2878	2882
	2858	2878	2883
	2859	2878	2884
	2860	2885	2886
	2861	2886	2887
	2862	2885	2888
	2863	2885	2889
	2864	2886	2890
	2865	2887	2891
	2866	2887	2892
	2867	2887	2893
	2868	2894	2895
	2869	2895	2896
	2870	2894	2897
	2871	2894	2898
	2872	2895	2899
	2873	2896	2900
	2874	2896	2901
	2875	2896	2902
	2876	2903	2904
	2877	2904	2905
	2878	2903	2906
	2879	2903	2907
	2880	2904	2908
	2881	2905	2909
	2882	2905	2910
	2883	2905	2911
	2884	2912	2913
	2885	2913	2914
	2886	2912	2915
	2887	2912	2916
	2888	2913	2917
	2889	2914	2918
	2890	2914	2919
	2891	2914	2920
	2892	2921	2922
	2893	2922	2923
	2894	2921	2924
	2895	2921	2925
	2896	2922	2926
	2897	2923	2927
	2898	2923	2928
	2899	2923	2929
	2900	2930	2931
	2901	2931	2932
	2902	2930	2933
	2903	2930	2934
	2904	2931	2935
	2905	2932	2936
	2906	2932	2937
	2907	2932	2938
	2908	2939	2940
	2909	2940	2941
	2910	2939	2942
	2911	2939	2943
	2912	2940	2944
	2913	2941	2945
	2914	2941	2946
	2915	2941	2947
	2916	2948	2949
	2917	2949	2950
	2918	2948	2951
	2919	2948	2952
	2920	2949	2953
	2921	2950	2954
	2922	2950	2955
	2923	2950	2956
	2924	2957	2958
	2925	2958	2959
	2926	2957	2960
	2927	2957	2961
	2928	2958	2962
	2929	2959	2963
	2930	2959	2964
	2931	2959	2965
	2932	2966	2967
	2933	2967	2968
	2934	2966	2969
	2935	2966	2970
	2936	2967	2971
	2937	2968	2972
	2938	2968	2973
	2939	2968	2974
	2940	2975	2976
	2941	2976	2977
	2942	2975	2978
	2943	2975	2979
	2944	2976	2980
	2945	2977	2981
	2946	2977	2982
	2947	2977	2983
	2948	2984	2985
	2949	2985	2986
	2950	2984	2987
	2951	2984	2988
	2952	2985	2989
	2953	2986	2990
	2954	2986	2991
	2955	2986	2992
	2956	2993	2994
	2957	2994	2995
	2958	2993	2996
	2959	2993	2997
	2960	2994	2998
	2961	2995	2999
	2962	2995	3000
	2963	2995	3001
	2964	3002	3003
	2965	3003	3004
	2966	3002	3005
	2967	3002	3006
	2968	3003	3007
	2969	3004	3008
	2970	3004	3009
	2971	3004	3010
	2972	3011	3012
	2973	3012	3013
	2974	3011	3014
	2975	3011	3015
	2976	3012	3016
	2977	3013	3017
	2978	3013	3018
	2979	3013	3019
	2980	3020	3021
	2981	3021	3022
	2982	3020	3023
	2983	3020	3024
	2984	3021	3025
	2985	3022	3026
	2986	3022	3027
	2987	3022	3028
	2988	3029	3030
	2989	3030	3031
	2990	3029	3032
	2991	3029	3033
	2992	3030	3034
	2993	3031	3035
	2994	3031	3036
	2995	3031	3037
	2996	3038	3039
	2997	3039	3040
	2998	3038	3041
	2999	3038	3042
	3000	3039	3043
	3001	3040	3044
	3002	3040	3045
	3003	3040	3046
	3004	3047	3048
	3005	3048	3049
	3006	3047	3050
	3007	3047	3051
	3008	3048	3052
	3009	3049	3053
	3010	3049	3054
	3011	3049	3055
	3012	3056	3057
	3013	3057	3058
	3014	3056	3059
	3015	3056	3060
	3016	3057	3061
	3017	3058	3062
	3018	3058	3063
	3019	3058	3064
	3020	3065	3066
	3021	3066	3067
	3022	3065	3068
	3023	3065	3069
	3024	3066	3070
	3025	3067	3071
	3026	3067	3072
	3027	3067	3073
	3028	3074	3075
	3029	3075	3076
	3030	3074	3077
	3031	3074	3078
	3032	3075	3079
	3033	3076	3080
	3034	3076	3081
	3035	3076	3082
	3036	3083	3084
	3037	3084	3085
	3038	3083	3086
	3039	3083	3087
	3040	3084	3088
	3041	3085	3089
	3042	3085	3090
	3043	3085	3091
	3044	3092	3093
	3045	3093	3094
	3046	3092	3095
	3047	3092	3096
	3048	3093	3097
	3049	3094	3098
	3050	3094	3099
	3051	3094	3100
	3052	3101	3102
	3053	3102	3103
	3054	3101	3104
	3055	3101	3105
	3056	3102	3106
	3057	3103	3107
	3058	3103	3108
	3059	3103	3109
	3060	3110	3111
	3061	3111	3112
	3062	3110	3113
	3063	3110	3114
	3064	3111	3115
	3065	3112	3116
	3066	3112	3117
	3067	3112	3118
	3068	3119	3120
	3069	3120	3121
	3070	3119	3122
	3071	3119	3123
	3072	3120	3124
	3073	3121	3125
	3074	3121	3126
	3075	3121	3127
	3076	3128	3129
	3077	3129	3130
	3078	3128	3131
	3079	3128	3132
	3080	3129	3133
	3081	3130	3134
	3082	3130	3135
	3083	3130	3136
	3084	3137	3138
	3085	3138	3139
	3086	3137	3140
	3087	3137	3141
	3088	3138	3142
	3089	3139	3143
	3090	3139	3144
	3091	3139	3145
	3092	3146	3147
	3093	3147	3148
	3094	3146	3149
	3095	3146	3150
	3096	3147	3151
	3097	3148	3152
	3098	3148	3153
	3099	3148	3154
	3100	3155	3156
	3101	3156	3157
	3102	3155	3158
	3103	3155	3159
	3104	3156	3160
	3105	3156	3161
	3106	3157	3162
	3107	3157	3163
	3108	3157	3164
      3109  2714  2723
      3110  2724  2732
      3111  2733  2741
      3112  2742  2750
      3113  2751  2759
      3114  2760  2768
      3115  2769  2777
      3116  2778  2786
      3117  2787  2795
      3118  2796  2804
      3119  2805  2813
      3120  2814  2822
      3121  2823  2831
      3122  2832  2840
      3123  2841  2849
      3124  2850  2858
      3125  2859  2867
      3126  2868  2876
      3127  2877  2885
      3128  2886  2894
      3129  2895  2903
      3130  2904  2912
      3131  2913  2921
      3132  2922  2930
      3133  2931  2939
      3134  2940  2948
      3135  2949  2957
      3136  2958  2966
      3137  2967  2975
      3138  2976  2984
      3139  2985  2993
      3140  2994  3002
      3141  3003  3011
      3142  3012  3020
      3143  3021  3029
      3144  3030  3038
      3145  3039  3047
      3146  3048  3056
      3147  3057  3065
      3148  3066  3074
      3149  3075  3083
      3150  3084  3092
      3151  3093  3101
      3152  3102  3110
      3153  3111  3119
      3154  3120  3128
      3155  3129  3137
      3156  3138  3146
      3157  3147  3155
	3158	3165	3166
	3159	3166	3167
	3160	3165	3168
	3161	3165	3169
	3162	3165	3170
	3163	3166	3171
	3164	3167	3172
	3165	3167	3173
	3166	3167	3174
	3167	3175	3176
	3168	3176	3177
	3169	3175	3178
	3170	3175	3179
	3171	3176	3180
	3172	3177	3181
	3173	3177	3182
	3174	3177	3183
	3175	3184	3185
	3176	3185	3186
	3177	3184	3187
	3178	3184	3188
	3179	3185	3189
	3180	3186	3190
	3181	3186	3191
	3182	3186	3192
	3183	3193	3194
	3184	3194	3195
	3185	3193	3196
	3186	3193	3197
	3187	3194	3198
	3188	3195	3199
	3189	3195	3200
	3190	3195	3201
	3191	3202	3203
	3192	3203	3204
	3193	3202	3205
	3194	3202	3206
	3195	3203	3207
	3196	3204	3208
	3197	3204	3209
	3198	3204	3210
	3199	3211	3212
	3200	3212	3213
	3201	3211	3214
	3202	3211	3215
	3203	3212	3216
	3204	3213	3217
	3205	3213	3218
	3206	3213	3219
	3207	3220	3221
	3208	3221	3222
	3209	3220	3223
	3210	3220	3224
	3211	3221	3225
	3212	3222	3226
	3213	3222	3227
	3214	3222	3228
	3215	3229	3230
	3216	3230	3231
	3217	3229	3232
	3218	3229	3233
	3219	3230	3234
	3220	3231	3235
	3221	3231	3236
	3222	3231	3237
	3223	3238	3239
	3224	3239	3240
	3225	3238	3241
	3226	3238	3242
	3227	3239	3243
	3228	3240	3244
	3229	3240	3245
	3230	3240	3246
	3231	3247	3248
	3232	3248	3249
	3233	3247	3250
	3234	3247	3251
	3235	3248	3252
	3236	3249	3253
	3237	3249	3254
	3238	3249	3255
	3239	3256	3257
	3240	3257	3258
	3241	3256	3259
	3242	3256	3260
	3243	3257	3261
	3244	3258	3262
	3245	3258	3263
	3246	3258	3264
	3247	3265	3266
	3248	3266	3267
	3249	3265	3268
	3250	3265	3269
	3251	3266	3270
	3252	3267	3271
	3253	3267	3272
	3254	3267	3273
	3255	3274	3275
	3256	3275	3276
	3257	3274	3277
	3258	3274	3278
	3259	3275	3279
	3260	3276	3280
	3261	3276	3281
	3262	3276	3282
	3263	3283	3284
	3264	3284	3285
	3265	3283	3286
	3266	3283	3287
	3267	3284	3288
	3268	3285	3289
	3269	3285	3290
	3270	3285	3291
	3271	3292	3293
	3272	3293	3294
	3273	3292	3295
	3274	3292	3296
	3275	3293	3297
	3276	3294	3298
	3277	3294	3299
	3278	3294	3300
	3279	3301	3302
	3280	3302	3303
	3281	3301	3304
	3282	3301	3305
	3283	3302	3306
	3284	3303	3307
	3285	3303	3308
	3286	3303	3309
	3287	3310	3311
	3288	3311	3312
	3289	3310	3313
	3290	3310	3314
	3291	3311	3315
	3292	3312	3316
	3293	3312	3317
	3294	3312	3318
	3295	3319	3320
	3296	3320	3321
	3297	3319	3322
	3298	3319	3323
	3299	3320	3324
	3300	3321	3325
	3301	3321	3326
	3302	3321	3327
	3303	3328	3329
	3304	3329	3330
	3305	3328	3331
	3306	3328	3332
	3307	3329	3333
	3308	3330	3334
	3309	3330	3335
	3310	3330	3336
	3311	3337	3338
	3312	3338	3339
	3313	3337	3340
	3314	3337	3341
	3315	3338	3342
	3316	3339	3343
	3317	3339	3344
	3318	3339	3345
	3319	3346	3347
	3320	3347	3348
	3321	3346	3349
	3322	3346	3350
	3323	3347	3351
	3324	3348	3352
	3325	3348	3353
	3326	3348	3354
	3327	3355	3356
	3328	3356	3357
	3329	3355	3358
	3330	3355	3359
	3331	3356	3360
	3332	3357	3361
	3333	3357	3362
	3334	3357	3363
	3335	3364	3365
	3336	3365	3366
	3337	3364	3367
	3338	3364	3368
	3339	3365	3369
	3340	3366	3370
	3341	3366	3371
	3342	3366	3372
	3343	3373	3374
	3344	3374	3375
	3345	3373	3376
	3346	3373	3377
	3347	3374	3378
	3348	3375	3379
	3349	3375	3380
	3350	3375	3381
	3351	3382	3383
	3352	3383	3384
	3353	3382	3385
	3354	3382	3386
	3355	3383	3387
	3356	3384	3388
	3357	3384	3389
	3358	3384	3390
	3359	3391	3392
	3360	3392	3393
	3361	3391	3394
	3362	3391	3395
	3363	3392	3396
	3364	3393	3397
	3365	3393	3398
	3366	3393	3399
	3367	3400	3401
	3368	3401	3402
	3369	3400	3403
	3370	3400	3404
	3371	3401	3405
	3372	3402	3406
	3373	3402	3407
	3374	3402	3408
	3375	3409	3410
	3376	3410	3411
	3377	3409	3412
	3378	3409	3413
	3379	3410	3414
	3380	3411	3415
	3381	3411	3416
	3382	3411	3417
	3383	3418	3419
	3384	3419	3420
	3385	3418	3421
	3386	3418	3422
	3387	3419	3423
	3388	3420	3424
	3389	3420	3425
	3390	3420	3426
	3391	3427	3428
	3392	3428	3429
	3393	3427	3430
	3394	3427	3431
	3395	3428	3432
	3396	3429	3433
	3397	3429	3434
	3398	3429	3435
	3399	3436	3437
	3400	3437	3438
	3401	3436	3439
	3402	3436	3440
	3403	3437	3441
	3404	3438	3442
	3405	3438	3443
	3406	3438	3444
	3407	3445	3446
	3408	3446	3447
	3409	3445	3448
	3410	3445	3449
	3411	3446	3450
	3412	3447	3451
	3413	3447	3452
	3414	3447	3453
	3415	3454	3455
	3416	3455	3456
	3417	3454	3457
	3418	3454	3458
	3419	3455	3459
	3420	3456	3460
	3421	3456	3461
	3422	3456	3462
	3423	3463	3464
	3424	3464	3465
	3425	3463	3466
	3426	3463	3467
	3427	3464	3468
	3428	3465	3469
	3429	3465	3470
	3430	3465	3471
	3431	3472	3473
	3432	3473	3474
	3433	3472	3475
	3434	3472	3476
	3435	3473	3477
	3436	3474	3478
	3437	3474	3479
	3438	3474	3480
	3439	3481	3482
	3440	3482	3483
	3441	3481	3484
	3442	3481	3485
	3443	3482	3486
	3444	3483	3487
	3445	3483	3488
	3446	3483	3489
	3447	3490	3491
	3448	3491	3492
	3449	3490	3493
	3450	3490	3494
	3451	3491	3495
	3452	3492	3496
	3453	3492	3497
	3454	3492	3498
	3455	3499	3500
	3456	3500	3501
	3457	3499	3502
	3458	3499	3503
	3459	3500	3504
	3460	3501	3505
	3461	3501	3506
	3462	3501	3507
	3463	3508	3509
	3464	3509	3510
	3465	3508	3511
	3466	3508	3512
	3467	3509	3513
	3468	3510	3514
	3469	3510	3515
	3470	3510	3516
	3471	3517	3518
	3472	3518	3519
	3473	3517	3520
	3474	3517	3521
	3475	3518	3522
	3476	3519	3523
	3477	3519	3524
	3478	3519	3525
	3479	3526	3527
	3480	3527	3528
	3481	3526	3529
	3482	3526	3530
	3483	3527	3531
	3484	3528	3532
	3485	3528	3533
	3486	3528	3534
	3487	3535	3536
	3488	3536	3537
	3489	3535	3538
	3490	3535	3539
	3491	3536	3540
	3492	3537	3541
	3493	3537	3542
	3494	3537	3543
	3495	3544	3545
	3496	3545	3546
	3497	3544	3547
	3498	3544	3548
	3499	3545	3549
	3500	3546	3550
	3501	3546	3551
	3502	3546	3552
	3503	3553	3554
	3504	3554	3555
	3505	3553	3556
	3506	3553	3557
	3507	3554	3558
	3508	3555	3559
	3509	3555	3560
	3510	3555	3561
	3511	3562	3563
	3512	3563	3564
	3513	3562	3565
	3514	3562	3566
	3515	3563	3567
	3516	3564	3568
	3517	3564	3569
	3518	3564	3570
	3519	3571	3572
	3520	3572	3573
	3521	3571	3574
	3522	3571	3575
	3523	3572	3576
	3524	3573	3577
	3525	3573	3578
	3526	3573	3579
	3527	3580	3581
	3528	3581	3582
	3529	3580	3583
	3530	3580	3584
	3531	3581	3585
	3532	3582	3586
	3533	3582	3587
	3534	3582	3588
	3535	3589	3590
	3536	3590	3591
	3537	3589	3592
	3538	3589	3593
	3539	3590	3594
	3540	3591	3595
	3541	3591	3596
	3542	3591	3597
	3543	3598	3599
	3544	3599	3600
	3545	3598	3601
	3546	3598	3602
	3547	3599	3603
	3548	3600	3604
	3549	3600	3605
	3550	3600	3606
	3551	3607	3608
	3552	3608	3609
	3553	3607	3610
	3554	3607	3611
	3555	3608	3612
	3556	3608	3613
	3557	3609	3614
	3558	3609	3615
	3559	3609	3616
      3560  3166  3175
      3561  3176  3184
      3562  3185  3193
      3563  3194  3202
      3564  3203  3211
      3565  3212  3220
      3566  3221  3229
      3567  3230  3238
      3568  3239  3247
      3569  3248  3256
      3570  3257  3265
      3571  3266  3274
      3572  3275  3283
      3573  3284  3292
      3574  3293  3301
      3575  3302  3310
      3576  3311  3319
      3577  3320  3328
      3578  3329  3337
      3579  3338  3346
      3580  3347  3355
      3581  3356  3364
      3582  3365  3373
      3583  3374  3382
      3584  3383  3391
      3585  3392  3400
      3586  3401  3409
      3587  3410  3418
      3588  3419  3427
      3589  3428  3436
      3590  3437  3445
      3591  3446  3454
      3592  3455  3463
      3593  3464  3472
      3594  3473  3481
      3595  3482  3490
      3596  3491  3499
      3597  3500  3508
      3598  3509  3517
      3599  3518  3526
      3600  3527  3535
      3601  3536  3544
      3602  3545  3553
      3603  3554  3562
      3604  3563  3571
      3605  3572  3580
      3606  3581  3589
      3607  3590  3598
      3608  3599  3607
	3609	3617	3618
	3610	3618	3619
	3611	3617	3620
	3612	3617	3621
	3613	3617	3622
	3614	3618	3623
	3615	3619	3624
	3616	3619	3625
	3617	3619	3626
	3618	3627	3628
	3619	3628	3629
	3620	3627	3630
	3621	3627	3631
	3622	3628	3632
	3623	3629	3633
	3624	3629	3634
	3625	3629	3635
	3626	3636	3637
	3627	3637	3638
	3628	3636	3639
	3629	3636	3640
	3630	3637	3641
	3631	3638	3642
	3632	3638	3643
	3633	3638	3644
	3634	3645	3646
	3635	3646	3647
	3636	3645	3648
	3637	3645	3649
	3638	3646	3650
	3639	3647	3651
	3640	3647	3652
	3641	3647	3653
	3642	3654	3655
	3643	3655	3656
	3644	3654	3657
	3645	3654	3658
	3646	3655	3659
	3647	3656	3660
	3648	3656	3661
	3649	3656	3662
	3650	3663	3664
	3651	3664	3665
	3652	3663	3666
	3653	3663	3667
	3654	3664	3668
	3655	3665	3669
	3656	3665	3670
	3657	3665	3671
	3658	3672	3673
	3659	3673	3674
	3660	3672	3675
	3661	3672	3676
	3662	3673	3677
	3663	3674	3678
	3664	3674	3679
	3665	3674	3680
	3666	3681	3682
	3667	3682	3683
	3668	3681	3684
	3669	3681	3685
	3670	3682	3686
	3671	3683	3687
	3672	3683	3688
	3673	3683	3689
	3674	3690	3691
	3675	3691	3692
	3676	3690	3693
	3677	3690	3694
	3678	3691	3695
	3679	3692	3696
	3680	3692	3697
	3681	3692	3698
	3682	3699	3700
	3683	3700	3701
	3684	3699	3702
	3685	3699	3703
	3686	3700	3704
	3687	3701	3705
	3688	3701	3706
	3689	3701	3707
	3690	3708	3709
	3691	3709	3710
	3692	3708	3711
	3693	3708	3712
	3694	3709	3713
	3695	3710	3714
	3696	3710	3715
	3697	3710	3716
	3698	3717	3718
	3699	3718	3719
	3700	3717	3720
	3701	3717	3721
	3702	3718	3722
	3703	3719	3723
	3704	3719	3724
	3705	3719	3725
	3706	3726	3727
	3707	3727	3728
	3708	3726	3729
	3709	3726	3730
	3710	3727	3731
	3711	3728	3732
	3712	3728	3733
	3713	3728	3734
	3714	3735	3736
	3715	3736	3737
	3716	3735	3738
	3717	3735	3739
	3718	3736	3740
	3719	3737	3741
	3720	3737	3742
	3721	3737	3743
	3722	3744	3745
	3723	3745	3746
	3724	3744	3747
	3725	3744	3748
	3726	3745	3749
	3727	3746	3750
	3728	3746	3751
	3729	3746	3752
	3730	3753	3754
	3731	3754	3755
	3732	3753	3756
	3733	3753	3757
	3734	3754	3758
	3735	3755	3759
	3736	3755	3760
	3737	3755	3761
	3738	3762	3763
	3739	3763	3764
	3740	3762	3765
	3741	3762	3766
	3742	3763	3767
	3743	3764	3768
	3744	3764	3769
	3745	3764	3770
	3746	3771	3772
	3747	3772	3773
	3748	3771	3774
	3749	3771	3775
	3750	3772	3776
	3751	3773	3777
	3752	3773	3778
	3753	3773	3779
	3754	3780	3781
	3755	3781	3782
	3756	3780	3783
	3757	3780	3784
	3758	3781	3785
	3759	3782	3786
	3760	3782	3787
	3761	3782	3788
	3762	3789	3790
	3763	3790	3791
	3764	3789	3792
	3765	3789	3793
	3766	3790	3794
	3767	3791	3795
	3768	3791	3796
	3769	3791	3797
	3770	3798	3799
	3771	3799	3800
	3772	3798	3801
	3773	3798	3802
	3774	3799	3803
	3775	3800	3804
	3776	3800	3805
	3777	3800	3806
	3778	3807	3808
	3779	3808	3809
	3780	3807	3810
	3781	3807	3811
	3782	3808	3812
	3783	3809	3813
	3784	3809	3814
	3785	3809	3815
	3786	3816	3817
	3787	3817	3818
	3788	3816	3819
	3789	3816	3820
	3790	3817	3821
	3791	3818	3822
	3792	3818	3823
	3793	3818	3824
	3794	3825	3826
	3795	3826	3827
	3796	3825	3828
	3797	3825	3829
	3798	3826	3830
	3799	3827	3831
	3800	3827	3832
	3801	3827	3833
	3802	3834	3835
	3803	3835	3836
	3804	3834	3837
	3805	3834	3838
	3806	3835	3839
	3807	3836	3840
	3808	3836	3841
	3809	3836	3842
	3810	3843	3844
	3811	3844	3845
	3812	3843	3846
	3813	3843	3847
	3814	3844	3848
	3815	3845	3849
	3816	3845	3850
	3817	3845	3851
	3818	3852	3853
	3819	3853	3854
	3820	3852	3855
	3821	3852	3856
	3822	3853	3857
	3823	3854	3858
	3824	3854	3859
	3825	3854	3860
	3826	3861	3862
	3827	3862	3863
	3828	3861	3864
	3829	3861	3865
	3830	3862	3866
	3831	3863	3867
	3832	3863	3868
	3833	3863	3869
	3834	3870	3871
	3835	3871	3872
	3836	3870	3873
	3837	3870	3874
	3838	3871	3875
	3839	3872	3876
	3840	3872	3877
	3841	3872	3878
	3842	3879	3880
	3843	3880	3881
	3844	3879	3882
	3845	3879	3883
	3846	3880	3884
	3847	3881	3885
	3848	3881	3886
	3849	3881	3887
	3850	3888	3889
	3851	3889	3890
	3852	3888	3891
	3853	3888	3892
	3854	3889	3893
	3855	3890	3894
	3856	3890	3895
	3857	3890	3896
	3858	3897	3898
	3859	3898	3899
	3860	3897	3900
	3861	3897	3901
	3862	3898	3902
	3863	3899	3903
	3864	3899	3904
	3865	3899	3905
	3866	3906	3907
	3867	3907	3908
	3868	3906	3909
	3869	3906	3910
	3870	3907	3911
	3871	3908	3912
	3872	3908	3913
	3873	3908	3914
	3874	3915	3916
	3875	3916	3917
	3876	3915	3918
	3877	3915	3919
	3878	3916	3920
	3879	3917	3921
	3880	3917	3922
	3881	3917	3923
	3882	3924	3925
	3883	3925	3926
	3884	3924	3927
	3885	3924	3928
	3886	3925	3929
	3887	3926	3930
	3888	3926	3931
	3889	3926	3932
	3890	3933	3934
	3891	3934	3935
	3892	3933	3936
	3893	3933	3937
	3894	3934	3938
	3895	3935	3939
	3896	3935	3940
	3897	3935	3941
	3898	3942	3943
	3899	3943	3944
	3900	3942	3945
	3901	3942	3946
	3902	3943	3947
	3903	3944	3948
	3904	3944	3949
	3905	3944	3950
	3906	3951	3952
	3907	3952	3953
	3908	3951	3954
	3909	3951	3955
	3910	3952	3956
	3911	3953	3957
	3912	3953	3958
	3913	3953	3959
	3914	3960	3961
	3915	3961	3962
	3916	3960	3963
	3917	3960	3964
	3918	3961	3965
	3919	3962	3966
	3920	3962	3967
	3921	3962	3968
	3922	3969	3970
	3923	3970	3971
	3924	3969	3972
	3925	3969	3973
	3926	3970	3974
	3927	3971	3975
	3928	3971	3976
	3929	3971	3977
	3930	3978	3979
	3931	3979	3980
	3932	3978	3981
	3933	3978	3982
	3934	3979	3983
	3935	3980	3984
	3936	3980	3985
	3937	3980	3986
	3938	3987	3988
	3939	3988	3989
	3940	3987	3990
	3941	3987	3991
	3942	3988	3992
	3943	3989	3993
	3944	3989	3994
	3945	3989	3995
	3946	3996	3997
	3947	3997	3998
	3948	3996	3999
	3949	3996	4000
	3950	3997	4001
	3951	3998	4002
	3952	3998	4003
	3953	3998	4004
	3954	4005	4006
	3955	4006	4007
	3956	4005	4008
	3957	4005	4009
	3958	4006	4010
	3959	4007	4011
	3960	4007	4012
	3961	4007	4013
	3962	4014	4015
	3963	4015	4016
	3964	4014	4017
	3965	4014	4018
	3966	4015	4019
	3967	4016	4020
	3968	4016	4021
	3969	4016	4022
	3970	4023	4024
	3971	4024	4025
	3972	4023	4026
	3973	4023	4027
	3974	4024	4028
	3975	4025	4029
	3976	4025	4030
	3977	4025	4031
	3978	4032	4033
	3979	4033	4034
	3980	4032	4035
	3981	4032	4036
	3982	4033	4037
	3983	4034	4038
	3984	4034	4039
	3985	4034	4040
	3986	4041	4042
	3987	4042	4043
	3988	4041	4044
	3989	4041	4045
	3990	4042	4046
	3991	4043	4047
	3992	4043	4048
	3993	4043	4049
	3994	4050	4051
	3995	4051	4052
	3996	4050	4053
	3997	4050	4054
	3998	4051	4055
	3999	4052	4056
	4000	4052	4057
	4001	4052	4058
	4002	4059	4060
	4003	4060	4061
	4004	4059	4062
	4005	4059	4063
	4006	4060	4064
	4007	4060	4065
	4008	4061	4066
	4009	4061	4067
	4010	4061	4068
      4011  3618  3627
      4012  3628  3636
      4013  3637  3645
      4014  3646  3654
      4015  3655  3663
      4016  3664  3672
      4017  3673  3681
      4018  3682  3690
      4019  3691  3699
      4020  3700  3708
      4021  3709  3717
      4022  3718  3726
      4023  3727  3735
      4024  3736  3744
      4025  3745  3753
      4026  3754  3762
      4027  3763  3771
      4028  3772  3780
      4029  3781  3789
      4030  3790  3798
      4031  3799  3807
      4032  3808  3816
      4033  3817  3825
      4034  3826  3834
      4035  3835  3843
      4036  3844  3852
      4037  3853  3861
      4038  3862  3870
      4039  3871  3879
      4040  3880  3888
      4041  3889  3897
      4042  3898  3906
      4043  3907  3915
      4044  3916  3924
      4045  3925  3933
      4046  3934  3942
      4047  3943  3951
      4048  3952  3960
      4049  3961  3969
      4050  3970  3978
      4051  3979  3987
      4052  3988  3996
      4053  3997  4005
      4054  4006  4014
      4055  4015  4023
      4056  4024  4032
      4057  4033  4041
      4058  4042  4050
      4059  4051  4059
	4060	4069	4070
	4061	4070	4071
	4062	4069	4072
	4063	4069	4073
	4064	4069	4074
	4065	4070	4075
	4066	4071	4076
	4067	4071	4077
	4068	4071	4078
	4069	4079	4080
	4070	4080	4081
	4071	4079	4082
	4072	4079	4083
	4073	4080	4084
	4074	4081	4085
	4075	4081	4086
	4076	4081	4087
	4077	4088	4089
	4078	4089	4090
	4079	4088	4091
	4080	4088	4092
	4081	4089	4093
	4082	4090	4094
	4083	4090	4095
	4084	4090	4096
	4085	4097	4098
	4086	4098	4099
	4087	4097	4100
	4088	4097	4101
	4089	4098	4102
	4090	4099	4103
	4091	4099	4104
	4092	4099	4105
	4093	4106	4107
	4094	4107	4108
	4095	4106	4109
	4096	4106	4110
	4097	4107	4111
	4098	4108	4112
	4099	4108	4113
	4100	4108	4114
	4101	4115	4116
	4102	4116	4117
	4103	4115	4118
	4104	4115	4119
	4105	4116	4120
	4106	4117	4121
	4107	4117	4122
	4108	4117	4123
	4109	4124	4125
	4110	4125	4126
	4111	4124	4127
	4112	4124	4128
	4113	4125	4129
	4114	4126	4130
	4115	4126	4131
	4116	4126	4132
	4117	4133	4134
	4118	4134	4135
	4119	4133	4136
	4120	4133	4137
	4121	4134	4138
	4122	4135	4139
	4123	4135	4140
	4124	4135	4141
	4125	4142	4143
	4126	4143	4144
	4127	4142	4145
	4128	4142	4146
	4129	4143	4147
	4130	4144	4148
	4131	4144	4149
	4132	4144	4150
	4133	4151	4152
	4134	4152	4153
	4135	4151	4154
	4136	4151	4155
	4137	4152	4156
	4138	4153	4157
	4139	4153	4158
	4140	4153	4159
	4141	4160	4161
	4142	4161	4162
	4143	4160	4163
	4144	4160	4164
	4145	4161	4165
	4146	4162	4166
	4147	4162	4167
	4148	4162	4168
	4149	4169	4170
	4150	4170	4171
	4151	4169	4172
	4152	4169	4173
	4153	4170	4174
	4154	4171	4175
	4155	4171	4176
	4156	4171	4177
	4157	4178	4179
	4158	4179	4180
	4159	4178	4181
	4160	4178	4182
	4161	4179	4183
	4162	4180	4184
	4163	4180	4185
	4164	4180	4186
	4165	4187	4188
	4166	4188	4189
	4167	4187	4190
	4168	4187	4191
	4169	4188	4192
	4170	4189	4193
	4171	4189	4194
	4172	4189	4195
	4173	4196	4197
	4174	4197	4198
	4175	4196	4199
	4176	4196	4200
	4177	4197	4201
	4178	4198	4202
	4179	4198	4203
	4180	4198	4204
	4181	4205	4206
	4182	4206	4207
	4183	4205	4208
	4184	4205	4209
	4185	4206	4210
	4186	4207	4211
	4187	4207	4212
	4188	4207	4213
	4189	4214	4215
	4190	4215	4216
	4191	4214	4217
	4192	4214	4218
	4193	4215	4219
	4194	4216	4220
	4195	4216	4221
	4196	4216	4222
	4197	4223	4224
	4198	4224	4225
	4199	4223	4226
	4200	4223	4227
	4201	4224	4228
	4202	4225	4229
	4203	4225	4230
	4204	4225	4231
	4205	4232	4233
	4206	4233	4234
	4207	4232	4235
	4208	4232	4236
	4209	4233	4237
	4210	4234	4238
	4211	4234	4239
	4212	4234	4240
	4213	4241	4242
	4214	4242	4243
	4215	4241	4244
	4216	4241	4245
	4217	4242	4246
	4218	4243	4247
	4219	4243	4248
	4220	4243	4249
	4221	4250	4251
	4222	4251	4252
	4223	4250	4253
	4224	4250	4254
	4225	4251	4255
	4226	4252	4256
	4227	4252	4257
	4228	4252	4258
	4229	4259	4260
	4230	4260	4261
	4231	4259	4262
	4232	4259	4263
	4233	4260	4264
	4234	4261	4265
	4235	4261	4266
	4236	4261	4267
	4237	4268	4269
	4238	4269	4270
	4239	4268	4271
	4240	4268	4272
	4241	4269	4273
	4242	4270	4274
	4243	4270	4275
	4244	4270	4276
	4245	4277	4278
	4246	4278	4279
	4247	4277	4280
	4248	4277	4281
	4249	4278	4282
	4250	4279	4283
	4251	4279	4284
	4252	4279	4285
	4253	4286	4287
	4254	4287	4288
	4255	4286	4289
	4256	4286	4290
	4257	4287	4291
	4258	4288	4292
	4259	4288	4293
	4260	4288	4294
	4261	4295	4296
	4262	4296	4297
	4263	4295	4298
	4264	4295	4299
	4265	4296	4300
	4266	4297	4301
	4267	4297	4302
	4268	4297	4303
	4269	4304	4305
	4270	4305	4306
	4271	4304	4307
	4272	4304	4308
	4273	4305	4309
	4274	4306	4310
	4275	4306	4311
	4276	4306	4312
	4277	4313	4314
	4278	4314	4315
	4279	4313	4316
	4280	4313	4317
	4281	4314	4318
	4282	4315	4319
	4283	4315	4320
	4284	4315	4321
	4285	4322	4323
	4286	4323	4324
	4287	4322	4325
	4288	4322	4326
	4289	4323	4327
	4290	4324	4328
	4291	4324	4329
	4292	4324	4330
	4293	4331	4332
	4294	4332	4333
	4295	4331	4334
	4296	4331	4335
	4297	4332	4336
	4298	4333	4337
	4299	4333	4338
	4300	4333	4339
	4301	4340	4341
	4302	4341	4342
	4303	4340	4343
	4304	4340	4344
	4305	4341	4345
	4306	4342	4346
	4307	4342	4347
	4308	4342	4348
	4309	4349	4350
	4310	4350	4351
	4311	4349	4352
	4312	4349	4353
	4313	4350	4354
	4314	4351	4355
	4315	4351	4356
	4316	4351	4357
	4317	4358	4359
	4318	4359	4360
	4319	4358	4361
	4320	4358	4362
	4321	4359	4363
	4322	4360	4364
	4323	4360	4365
	4324	4360	4366
	4325	4367	4368
	4326	4368	4369
	4327	4367	4370
	4328	4367	4371
	4329	4368	4372
	4330	4369	4373
	4331	4369	4374
	4332	4369	4375
	4333	4376	4377
	4334	4377	4378
	4335	4376	4379
	4336	4376	4380
	4337	4377	4381
	4338	4378	4382
	4339	4378	4383
	4340	4378	4384
	4341	4385	4386
	4342	4386	4387
	4343	4385	4388
	4344	4385	4389
	4345	4386	4390
	4346	4387	4391
	4347	4387	4392
	4348	4387	4393
	4349	4394	4395
	4350	4395	4396
	4351	4394	4397
	4352	4394	4398
	4353	4395	4399
	4354	4396	4400
	4355	4396	4401
	4356	4396	4402
	4357	4403	4404
	4358	4404	4405
	4359	4403	4406
	4360	4403	4407
	4361	4404	4408
	4362	4405	4409
	4363	4405	4410
	4364	4405	4411
	4365	4412	4413
	4366	4413	4414
	4367	4412	4415
	4368	4412	4416
	4369	4413	4417
	4370	4414	4418
	4371	4414	4419
	4372	4414	4420
	4373	4421	4422
	4374	4422	4423
	4375	4421	4424
	4376	4421	4425
	4377	4422	4426
	4378	4423	4427
	4379	4423	4428
	4380	4423	4429
	4381	4430	4431
	4382	4431	4432
	4383	4430	4433
	4384	4430	4434
	4385	4431	4435
	4386	4432	4436
	4387	4432	4437
	4388	4432	4438
	4389	4439	4440
	4390	4440	4441
	4391	4439	4442
	4392	4439	4443
	4393	4440	4444
	4394	4441	4445
	4395	4441	4446
	4396	4441	4447
	4397	4448	4449
	4398	4449	4450
	4399	4448	4451
	4400	4448	4452
	4401	4449	4453
	4402	4450	4454
	4403	4450	4455
	4404	4450	4456
	4405	4457	4458
	4406	4458	4459
	4407	4457	4460
	4408	4457	4461
	4409	4458	4462
	4410	4459	4463
	4411	4459	4464
	4412	4459	4465
	4413	4466	4467
	4414	4467	4468
	4415	4466	4469
	4416	4466	4470
	4417	4467	4471
	4418	4468	4472
	4419	4468	4473
	4420	4468	4474
	4421	4475	4476
	4422	4476	4477
	4423	4475	4478
	4424	4475	4479
	4425	4476	4480
	4426	4477	4481
	4427	4477	4482
	4428	4477	4483
	4429	4484	4485
	4430	4485	4486
	4431	4484	4487
	4432	4484	4488
	4433	4485	4489
	4434	4486	4490
	4435	4486	4491
	4436	4486	4492
	4437	4493	4494
	4438	4494	4495
	4439	4493	4496
	4440	4493	4497
	4441	4494	4498
	4442	4495	4499
	4443	4495	4500
	4444	4495	4501
	4445	4502	4503
	4446	4503	4504
	4447	4502	4505
	4448	4502	4506
	4449	4503	4507
	4450	4504	4508
	4451	4504	4509
	4452	4504	4510
	4453	4511	4512
	4454	4512	4513
	4455	4511	4514
	4456	4511	4515
	4457	4512	4516
	4458	4512	4517
	4459	4513	4518
	4460	4513	4519
	4461	4513	4520
      4462  4070  4079
      4463  4080  4088
      4464  4089  4097
      4465  4098  4106
      4466  4107  4115
      4467  4116  4124
      4468  4125  4133
      4469  4134  4142
      4470  4143  4151
      4471  4152  4160
      4472  4161  4169
      4473  4170  4178
      4474  4179  4187
      4475  4188  4196
      4476  4197  4205
      4477  4206  4214
      4478  4215  4223
      4479  4224  4232
      4480  4233  4241
      4481  4242  4250
      4482  4251  4259
      4483  4260  4268
      4484  4269  4277
      4485  4278  4286
      4486  4287  4295
      4487  4296  4304
      4488  4305  4313
      4489  4314  4322
      4490  4323  4331
      4491  4332  4340
      4492  4341  4349
      4493  4350  4358
      4494  4359  4367
      4495  4368  4376
      4496  4377  4385
      4497  4386  4394
      4498  4395  4403
      4499  4404  4412
      4500  4413  4421
      4501  4422  4430
      4502  4431  4439
      4503  4440  4448
      4504  4449  4457
      4505  4458  4466
      4506  4467  4475
      4507  4476  4484
      4508  4485  4493
      4509  4494  4502
      4510  4503  4511
