1 3 1 2
2 5 1 3
3 5 1 4
4 5 1 5
5 6 2 6
6 6 2 7
7 4 8 9
8 6 8 10
9 6 8 11
10 6 9 12
11 6 9 13
12 4 14 15
13 6 14 16
14 6 14 17
15 6 15 18
16 6 15 19
17 4 20 21
18 6 20 22
19 6 20 23
20 6 21 24
21 6 21 25
22 4 26 27
23 6 26 28
24 6 26 29
25 6 27 30
26 6 27 31
27 4 32 33
28 6 32 34
29 6 32 35
30 6 33 36
31 6 33 37
32 4 38 39
33 6 38 40
34 6 38 41
35 6 39 42
36 6 39 43
37 4 44 45
38 6 44 46
39 6 44 47
40 6 45 48
41 6 45 49
42 4 50 51
43 6 50 52
44 6 50 53
45 6 51 54
46 6 51 55
47 4 56 57
48 6 56 58
49 6 56 59
50 6 57 60
51 6 57 61
52 4 62 63
53 6 62 64
54 6 62 65
55 6 63 66
56 6 63 67
57 4 68 69
58 6 68 70
59 6 68 71
60 6 69 72
61 6 69 73
62 4 74 75
63 6 74 76
64 6 74 77
65 6 75 78
66 6 75 79
67 4 80 81
68 6 80 82
69 6 80 83
70 6 81 84
71 6 81 85
72 4 86 87
73 6 86 88
74 6 86 89
75 6 87 90
76 6 87 91
77 4 92 93
78 6 92 94
79 6 92 95
80 6 93 96
81 6 93 97
82 4 98 99
83 6 98 100
84 6 98 101
85 6 99 102
86 6 99 103
87 4 104 105
88 6 104 106
89 6 104 107
90 6 105 108
91 6 105 109
92 4 110 111
93 6 110 112
94 6 110 113
95 6 111 114
96 6 111 115
97 4 116 117
98 6 116 118
99 6 116 119
100 6 117 120
101 6 117 121
102 4 122 123
103 6 122 124
104 6 122 125
105 6 123 126
106 6 123 127
107 4 128 129
108 6 128 130
109 6 128 131
110 6 129 132
111 6 129 133
112 4 134 135
113 6 134 136
114 6 134 137
115 6 135 138
116 6 135 139
117 4 140 141
118 6 140 142
119 6 140 143
120 6 141 144
121 6 141 145
122 4 146 147
123 6 146 148
124 6 146 149
125 6 147 150
126 6 147 151
127 4 152 153
128 6 152 154
129 6 152 155
130 6 153 156
131 6 153 157
132 4 158 159
133 6 158 160
134 6 158 161
135 6 159 162
136 6 159 163
137 4 164 165
138 6 164 166
139 6 164 167
140 6 165 168
141 6 165 169
142 4 170 171
143 6 170 172
144 6 170 173
145 6 171 174
146 6 171 175
147 4 176 177
148 6 176 178
149 6 176 179
150 6 177 180
151 6 177 181
152 4 182 183
153 6 182 184
154 6 182 185
155 6 183 186
156 6 183 187
157 4 188 189
158 6 188 190
159 6 188 191
160 6 189 192
161 6 189 193
162 4 194 195
163 6 194 196
164 6 194 197
165 6 195 198
166 6 195 199
167 4 200 201
168 6 200 202
169 6 200 203
170 6 201 204
171 6 201 205
172 4 206 207
173 6 206 208
174 6 206 209
175 6 207 210
176 6 207 211
177 4 212 213
178 6 212 214
179 6 212 215
180 6 213 216
181 6 213 217
182 4 218 219
183 6 218 220
184 6 218 221
185 6 219 222
186 6 219 223
187 4 224 225
188 6 224 226
189 6 224 227
190 6 225 228
191 6 225 229
192 4 230 231
193 6 230 232
194 6 230 233
195 6 231 234
196 6 231 235
197 4 236 237
198 6 236 238
199 6 236 239
200 6 237 240
201 6 237 241
202 4 242 243
203 6 242 244
204 6 242 245
205 6 243 246
206 6 243 247
207 4 248 249
208 6 248 250
209 6 248 251
210 6 249 252
211 6 249 253
212 4 254 255
213 6 254 256
214 6 254 257
215 6 255 258
216 6 255 259
217 4 260 261
218 6 260 262
219 6 260 263
220 6 261 264
221 6 261 265
222 4 266 267
223 6 266 268
224 6 266 269
225 6 267 270
226 6 267 271
227 4 272 273
228 6 272 274
229 6 272 275
230 6 273 276
231 6 273 277
232 4 278 279
233 6 278 280
234 6 278 281
235 6 279 282
236 6 279 283
237 4 284 285
238 6 284 286
239 6 284 287
240 6 285 288
241 6 285 289
242 4 290 291
243 6 290 292
244 6 290 293
245 6 291 294
246 6 291 295
247 3 296 297
248 6 296 298
249 6 296 299
250 5 297 300
251 5 297 301
252 5 297 302
253 4 2 8
254 4 9 14
255 4 15 20
256 4 21 26
257 4 27 32
258 4 33 38
259 4 39 44
260 4 45 50
261 4 51 56
262 4 57 62
263 4 63 68
264 4 69 74
265 4 75 80
266 4 81 86
267 4 87 92
268 4 93 98
269 4 99 104
270 4 105 110
271 4 111 116
272 4 117 122
273 4 123 128
274 4 129 134
275 4 135 140
276 4 141 146
277 4 147 152
278 4 153 158
279 4 159 164
280 4 165 170
281 4 171 176
282 4 177 182
283 4 183 188
284 4 189 194
285 4 195 200
286 4 201 206
287 4 207 212
288 4 213 218
289 4 219 224
290 4 225 230
291 4 231 236
292 4 237 242
293 4 243 248
294 4 249 254
295 4 255 260
296 4 261 266
297 4 267 272
298 4 273 278
299 4 279 284
300 4 285 290
301 4 291 296
302 3 303 304
303 5 303 305
304 5 303 306
305 5 303 307
306 6 304 308
307 6 304 309
308 4 310 311
309 6 310 312
310 6 310 313
311 6 311 314
312 6 311 315
313 4 316 317
314 6 316 318
315 6 316 319
316 6 317 320
317 6 317 321
318 4 322 323
319 6 322 324
320 6 322 325
321 6 323 326
322 6 323 327
323 4 328 329
324 6 328 330
325 6 328 331
326 6 329 332
327 6 329 333
328 4 334 335
329 6 334 336
330 6 334 337
331 6 335 338
332 6 335 339
333 4 340 341
334 6 340 342
335 6 340 343
336 6 341 344
337 6 341 345
338 4 346 347
339 6 346 348
340 6 346 349
341 6 347 350
342 6 347 351
343 4 352 353
344 6 352 354
345 6 352 355
346 6 353 356
347 6 353 357
348 4 358 359
349 6 358 360
350 6 358 361
351 6 359 362
352 6 359 363
353 4 364 365
354 6 364 366
355 6 364 367
356 6 365 368
357 6 365 369
358 4 370 371
359 6 370 372
360 6 370 373
361 6 371 374
362 6 371 375
363 4 376 377
364 6 376 378
365 6 376 379
366 6 377 380
367 6 377 381
368 4 382 383
369 6 382 384
370 6 382 385
371 6 383 386
372 6 383 387
373 4 388 389
374 6 388 390
375 6 388 391
376 6 389 392
377 6 389 393
378 4 394 395
379 6 394 396
380 6 394 397
381 6 395 398
382 6 395 399
383 4 400 401
384 6 400 402
385 6 400 403
386 6 401 404
387 6 401 405
388 4 406 407
389 6 406 408
390 6 406 409
391 6 407 410
392 6 407 411
393 4 412 413
394 6 412 414
395 6 412 415
396 6 413 416
397 6 413 417
398 4 418 419
399 6 418 420
400 6 418 421
401 6 419 422
402 6 419 423
403 4 424 425
404 6 424 426
405 6 424 427
406 6 425 428
407 6 425 429
408 4 430 431
409 6 430 432
410 6 430 433
411 6 431 434
412 6 431 435
413 4 436 437
414 6 436 438
415 6 436 439
416 6 437 440
417 6 437 441
418 4 442 443
419 6 442 444
420 6 442 445
421 6 443 446
422 6 443 447
423 4 448 449
424 6 448 450
425 6 448 451
426 6 449 452
427 6 449 453
428 4 454 455
429 6 454 456
430 6 454 457
431 6 455 458
432 6 455 459
433 4 460 461
434 6 460 462
435 6 460 463
436 6 461 464
437 6 461 465
438 4 466 467
439 6 466 468
440 6 466 469
441 6 467 470
442 6 467 471
443 4 472 473
444 6 472 474
445 6 472 475
446 6 473 476
447 6 473 477
448 4 478 479
449 6 478 480
450 6 478 481
451 6 479 482
452 6 479 483
453 4 484 485
454 6 484 486
455 6 484 487
456 6 485 488
457 6 485 489
458 4 490 491
459 6 490 492
460 6 490 493
461 6 491 494
462 6 491 495
463 4 496 497
464 6 496 498
465 6 496 499
466 6 497 500
467 6 497 501
468 4 502 503
469 6 502 504
470 6 502 505
471 6 503 506
472 6 503 507
473 4 508 509
474 6 508 510
475 6 508 511
476 6 509 512
477 6 509 513
478 4 514 515
479 6 514 516
480 6 514 517
481 6 515 518
482 6 515 519
483 4 520 521
484 6 520 522
485 6 520 523
486 6 521 524
487 6 521 525
488 4 526 527
489 6 526 528
490 6 526 529
491 6 527 530
492 6 527 531
493 4 532 533
494 6 532 534
495 6 532 535
496 6 533 536
497 6 533 537
498 4 538 539
499 6 538 540
500 6 538 541
501 6 539 542
502 6 539 543
503 4 544 545
504 6 544 546
505 6 544 547
506 6 545 548
507 6 545 549
508 4 550 551
509 6 550 552
510 6 550 553
511 6 551 554
512 6 551 555
513 4 556 557
514 6 556 558
515 6 556 559
516 6 557 560
517 6 557 561
518 4 562 563
519 6 562 564
520 6 562 565
521 6 563 566
522 6 563 567
523 4 568 569
524 6 568 570
525 6 568 571
526 6 569 572
527 6 569 573
528 4 574 575
529 6 574 576
530 6 574 577
531 6 575 578
532 6 575 579
533 4 580 581
534 6 580 582
535 6 580 583
536 6 581 584
537 6 581 585
538 4 586 587
539 6 586 588
540 6 586 589
541 6 587 590
542 6 587 591
543 4 592 593
544 6 592 594
545 6 592 595
546 6 593 596
547 6 593 597
548 3 598 599
549 6 598 600
550 6 598 601
551 5 599 602
552 5 599 603
553 5 599 604
554 4 304 310
555 4 311 316
556 4 317 322
557 4 323 328
558 4 329 334
559 4 335 340
560 4 341 346
561 4 347 352
562 4 353 358
563 4 359 364
564 4 365 370
565 4 371 376
566 4 377 382
567 4 383 388
568 4 389 394
569 4 395 400
570 4 401 406
571 4 407 412
572 4 413 418
573 4 419 424
574 4 425 430
575 4 431 436
576 4 437 442
577 4 443 448
578 4 449 454
579 4 455 460
580 4 461 466
581 4 467 472
582 4 473 478
583 4 479 484
584 4 485 490
585 4 491 496
586 4 497 502
587 4 503 508
588 4 509 514
589 4 515 520
590 4 521 526
591 4 527 532
592 4 533 538
593 4 539 544
594 4 545 550
595 4 551 556
596 4 557 562
597 4 563 568
598 4 569 574
599 4 575 580
600 4 581 586
601 4 587 592
602 4 593 598
603 3 605 606
604 5 605 607
605 5 605 608
606 5 605 609
607 6 606 610
608 6 606 611
609 4 612 613
610 6 612 614
611 6 612 615
612 6 613 616
613 6 613 617
614 4 618 619
615 6 618 620
616 6 618 621
617 6 619 622
618 6 619 623
619 4 624 625
620 6 624 626
621 6 624 627
622 6 625 628
623 6 625 629
624 4 630 631
625 6 630 632
626 6 630 633
627 6 631 634
628 6 631 635
629 4 636 637
630 6 636 638
631 6 636 639
632 6 637 640
633 6 637 641
634 4 642 643
635 6 642 644
636 6 642 645
637 6 643 646
638 6 643 647
639 4 648 649
640 6 648 650
641 6 648 651
642 6 649 652
643 6 649 653
644 4 654 655
645 6 654 656
646 6 654 657
647 6 655 658
648 6 655 659
649 4 660 661
650 6 660 662
651 6 660 663
652 6 661 664
653 6 661 665
654 4 666 667
655 6 666 668
656 6 666 669
657 6 667 670
658 6 667 671
659 4 672 673
660 6 672 674
661 6 672 675
662 6 673 676
663 6 673 677
664 4 678 679
665 6 678 680
666 6 678 681
667 6 679 682
668 6 679 683
669 4 684 685
670 6 684 686
671 6 684 687
672 6 685 688
673 6 685 689
674 4 690 691
675 6 690 692
676 6 690 693
677 6 691 694
678 6 691 695
679 4 696 697
680 6 696 698
681 6 696 699
682 6 697 700
683 6 697 701
684 4 702 703
685 6 702 704
686 6 702 705
687 6 703 706
688 6 703 707
689 4 708 709
690 6 708 710
691 6 708 711
692 6 709 712
693 6 709 713
694 4 714 715
695 6 714 716
696 6 714 717
697 6 715 718
698 6 715 719
699 4 720 721
700 6 720 722
701 6 720 723
702 6 721 724
703 6 721 725
704 4 726 727
705 6 726 728
706 6 726 729
707 6 727 730
708 6 727 731
709 4 732 733
710 6 732 734
711 6 732 735
712 6 733 736
713 6 733 737
714 4 738 739
715 6 738 740
716 6 738 741
717 6 739 742
718 6 739 743
719 4 744 745
720 6 744 746
721 6 744 747
722 6 745 748
723 6 745 749
724 4 750 751
725 6 750 752
726 6 750 753
727 6 751 754
728 6 751 755
729 4 756 757
730 6 756 758
731 6 756 759
732 6 757 760
733 6 757 761
734 4 762 763
735 6 762 764
736 6 762 765
737 6 763 766
738 6 763 767
739 4 768 769
740 6 768 770
741 6 768 771
742 6 769 772
743 6 769 773
744 4 774 775
745 6 774 776
746 6 774 777
747 6 775 778
748 6 775 779
749 4 780 781
750 6 780 782
751 6 780 783
752 6 781 784
753 6 781 785
754 4 786 787
755 6 786 788
756 6 786 789
757 6 787 790
758 6 787 791
759 4 792 793
760 6 792 794
761 6 792 795
762 6 793 796
763 6 793 797
764 4 798 799
765 6 798 800
766 6 798 801
767 6 799 802
768 6 799 803
769 4 804 805
770 6 804 806
771 6 804 807
772 6 805 808
773 6 805 809
774 4 810 811
775 6 810 812
776 6 810 813
777 6 811 814
778 6 811 815
779 4 816 817
780 6 816 818
781 6 816 819
782 6 817 820
783 6 817 821
784 4 822 823
785 6 822 824
786 6 822 825
787 6 823 826
788 6 823 827
789 4 828 829
790 6 828 830
791 6 828 831
792 6 829 832
793 6 829 833
794 4 834 835
795 6 834 836
796 6 834 837
797 6 835 838
798 6 835 839
799 4 840 841
800 6 840 842
801 6 840 843
802 6 841 844
803 6 841 845
804 4 846 847
805 6 846 848
806 6 846 849
807 6 847 850
808 6 847 851
809 4 852 853
810 6 852 854
811 6 852 855
812 6 853 856
813 6 853 857
814 4 858 859
815 6 858 860
816 6 858 861
817 6 859 862
818 6 859 863
819 4 864 865
820 6 864 866
821 6 864 867
822 6 865 868
823 6 865 869
824 4 870 871
825 6 870 872
826 6 870 873
827 6 871 874
828 6 871 875
829 4 876 877
830 6 876 878
831 6 876 879
832 6 877 880
833 6 877 881
834 4 882 883
835 6 882 884
836 6 882 885
837 6 883 886
838 6 883 887
839 4 888 889
840 6 888 890
841 6 888 891
842 6 889 892
843 6 889 893
844 4 894 895
845 6 894 896
846 6 894 897
847 6 895 898
848 6 895 899
849 3 900 901
850 6 900 902
851 6 900 903
852 5 901 904
853 5 901 905
854 5 901 906
855 4 606 612
856 4 613 618
857 4 619 624
858 4 625 630
859 4 631 636
860 4 637 642
861 4 643 648
862 4 649 654
863 4 655 660
864 4 661 666
865 4 667 672
866 4 673 678
867 4 679 684
868 4 685 690
869 4 691 696
870 4 697 702
871 4 703 708
872 4 709 714
873 4 715 720
874 4 721 726
875 4 727 732
876 4 733 738
877 4 739 744
878 4 745 750
879 4 751 756
880 4 757 762
881 4 763 768
882 4 769 774
883 4 775 780
884 4 781 786
885 4 787 792
886 4 793 798
887 4 799 804
888 4 805 810
889 4 811 816
890 4 817 822
891 4 823 828
892 4 829 834
893 4 835 840
894 4 841 846
895 4 847 852
896 4 853 858
897 4 859 864
898 4 865 870
899 4 871 876
900 4 877 882
901 4 883 888
902 4 889 894
903 4 895 900
904 3 907 908
905 5 907 909
906 5 907 910
907 5 907 911
908 6 908 912
909 6 908 913
910 4 914 915
911 6 914 916
912 6 914 917
913 6 915 918
914 6 915 919
915 4 920 921
916 6 920 922
917 6 920 923
918 6 921 924
919 6 921 925
920 4 926 927
921 6 926 928
922 6 926 929
923 6 927 930
924 6 927 931
925 4 932 933
926 6 932 934
927 6 932 935
928 6 933 936
929 6 933 937
930 4 938 939
931 6 938 940
932 6 938 941
933 6 939 942
934 6 939 943
935 4 944 945
936 6 944 946
937 6 944 947
938 6 945 948
939 6 945 949
940 4 950 951
941 6 950 952
942 6 950 953
943 6 951 954
944 6 951 955
945 4 956 957
946 6 956 958
947 6 956 959
948 6 957 960
949 6 957 961
950 4 962 963
951 6 962 964
952 6 962 965
953 6 963 966
954 6 963 967
955 4 968 969
956 6 968 970
957 6 968 971
958 6 969 972
959 6 969 973
960 4 974 975
961 6 974 976
962 6 974 977
963 6 975 978
964 6 975 979
965 4 980 981
966 6 980 982
967 6 980 983
968 6 981 984
969 6 981 985
970 4 986 987
971 6 986 988
972 6 986 989
973 6 987 990
974 6 987 991
975 4 992 993
976 6 992 994
977 6 992 995
978 6 993 996
979 6 993 997
980 4 998 999
981 6 998 1000
982 6 998 1001
983 6 999 1002
984 6 999 1003
985 4 1004 1005
986 6 1004 1006
987 6 1004 1007
988 6 1005 1008
989 6 1005 1009
990 4 1010 1011
991 6 1010 1012
992 6 1010 1013
993 6 1011 1014
994 6 1011 1015
995 4 1016 1017
996 6 1016 1018
997 6 1016 1019
998 6 1017 1020
999 6 1017 1021
1000 4 1022 1023
1001 6 1022 1024
1002 6 1022 1025
1003 6 1023 1026
1004 6 1023 1027
1005 4 1028 1029
1006 6 1028 1030
1007 6 1028 1031
1008 6 1029 1032
1009 6 1029 1033
1010 4 1034 1035
1011 6 1034 1036
1012 6 1034 1037
1013 6 1035 1038
1014 6 1035 1039
1015 4 1040 1041
1016 6 1040 1042
1017 6 1040 1043
1018 6 1041 1044
1019 6 1041 1045
1020 4 1046 1047
1021 6 1046 1048
1022 6 1046 1049
1023 6 1047 1050
1024 6 1047 1051
1025 4 1052 1053
1026 6 1052 1054
1027 6 1052 1055
1028 6 1053 1056
1029 6 1053 1057
1030 4 1058 1059
1031 6 1058 1060
1032 6 1058 1061
1033 6 1059 1062
1034 6 1059 1063
1035 4 1064 1065
1036 6 1064 1066
1037 6 1064 1067
1038 6 1065 1068
1039 6 1065 1069
1040 4 1070 1071
1041 6 1070 1072
1042 6 1070 1073
1043 6 1071 1074
1044 6 1071 1075
1045 4 1076 1077
1046 6 1076 1078
1047 6 1076 1079
1048 6 1077 1080
1049 6 1077 1081
1050 4 1082 1083
1051 6 1082 1084
1052 6 1082 1085
1053 6 1083 1086
1054 6 1083 1087
1055 4 1088 1089
1056 6 1088 1090
1057 6 1088 1091
1058 6 1089 1092
1059 6 1089 1093
1060 4 1094 1095
1061 6 1094 1096
1062 6 1094 1097
1063 6 1095 1098
1064 6 1095 1099
1065 4 1100 1101
1066 6 1100 1102
1067 6 1100 1103
1068 6 1101 1104
1069 6 1101 1105
1070 4 1106 1107
1071 6 1106 1108
1072 6 1106 1109
1073 6 1107 1110
1074 6 1107 1111
1075 4 1112 1113
1076 6 1112 1114
1077 6 1112 1115
1078 6 1113 1116
1079 6 1113 1117
1080 4 1118 1119
1081 6 1118 1120
1082 6 1118 1121
1083 6 1119 1122
1084 6 1119 1123
1085 4 1124 1125
1086 6 1124 1126
1087 6 1124 1127
1088 6 1125 1128
1089 6 1125 1129
1090 4 1130 1131
1091 6 1130 1132
1092 6 1130 1133
1093 6 1131 1134
1094 6 1131 1135
1095 4 1136 1137
1096 6 1136 1138
1097 6 1136 1139
1098 6 1137 1140
1099 6 1137 1141
1100 4 1142 1143
1101 6 1142 1144
1102 6 1142 1145
1103 6 1143 1146
1104 6 1143 1147
1105 4 1148 1149
1106 6 1148 1150
1107 6 1148 1151
1108 6 1149 1152
1109 6 1149 1153
1110 4 1154 1155
1111 6 1154 1156
1112 6 1154 1157
1113 6 1155 1158
1114 6 1155 1159
1115 4 1160 1161
1116 6 1160 1162
1117 6 1160 1163
1118 6 1161 1164
1119 6 1161 1165
1120 4 1166 1167
1121 6 1166 1168
1122 6 1166 1169
1123 6 1167 1170
1124 6 1167 1171
1125 4 1172 1173
1126 6 1172 1174
1127 6 1172 1175
1128 6 1173 1176
1129 6 1173 1177
1130 4 1178 1179
1131 6 1178 1180
1132 6 1178 1181
1133 6 1179 1182
1134 6 1179 1183
1135 4 1184 1185
1136 6 1184 1186
1137 6 1184 1187
1138 6 1185 1188
1139 6 1185 1189
1140 4 1190 1191
1141 6 1190 1192
1142 6 1190 1193
1143 6 1191 1194
1144 6 1191 1195
1145 4 1196 1197
1146 6 1196 1198
1147 6 1196 1199
1148 6 1197 1200
1149 6 1197 1201
1150 3 1202 1203
1151 6 1202 1204
1152 6 1202 1205
1153 5 1203 1206
1154 5 1203 1207
1155 5 1203 1208
1156 4 908 914
1157 4 915 920
1158 4 921 926
1159 4 927 932
1160 4 933 938
1161 4 939 944
1162 4 945 950
1163 4 951 956
1164 4 957 962
1165 4 963 968
1166 4 969 974
1167 4 975 980
1168 4 981 986
1169 4 987 992
1170 4 993 998
1171 4 999 1004
1172 4 1005 1010
1173 4 1011 1016
1174 4 1017 1022
1175 4 1023 1028
1176 4 1029 1034
1177 4 1035 1040
1178 4 1041 1046
1179 4 1047 1052
1180 4 1053 1058
1181 4 1059 1064
1182 4 1065 1070
1183 4 1071 1076
1184 4 1077 1082
1185 4 1083 1088
1186 4 1089 1094
1187 4 1095 1100
1188 4 1101 1106
1189 4 1107 1112
1190 4 1113 1118
1191 4 1119 1124
1192 4 1125 1130
1193 4 1131 1136
1194 4 1137 1142
1195 4 1143 1148
1196 4 1149 1154
1197 4 1155 1160
1198 4 1161 1166
1199 4 1167 1172
1200 4 1173 1178
1201 4 1179 1184
1202 4 1185 1190
1203 4 1191 1196
1204 4 1197 1202
1205 3 1209 1210
1206 5 1209 1211
1207 5 1209 1212
1208 5 1209 1213
1209 6 1210 1214
1210 6 1210 1215
1211 4 1216 1217
1212 6 1216 1218
1213 6 1216 1219
1214 6 1217 1220
1215 6 1217 1221
1216 4 1222 1223
1217 6 1222 1224
1218 6 1222 1225
1219 6 1223 1226
1220 6 1223 1227
1221 4 1228 1229
1222 6 1228 1230
1223 6 1228 1231
1224 6 1229 1232
1225 6 1229 1233
1226 4 1234 1235
1227 6 1234 1236
1228 6 1234 1237
1229 6 1235 1238
1230 6 1235 1239
1231 4 1240 1241
1232 6 1240 1242
1233 6 1240 1243
1234 6 1241 1244
1235 6 1241 1245
1236 4 1246 1247
1237 6 1246 1248
1238 6 1246 1249
1239 6 1247 1250
1240 6 1247 1251
1241 4 1252 1253
1242 6 1252 1254
1243 6 1252 1255
1244 6 1253 1256
1245 6 1253 1257
1246 4 1258 1259
1247 6 1258 1260
1248 6 1258 1261
1249 6 1259 1262
1250 6 1259 1263
1251 4 1264 1265
1252 6 1264 1266
1253 6 1264 1267
1254 6 1265 1268
1255 6 1265 1269
1256 4 1270 1271
1257 6 1270 1272
1258 6 1270 1273
1259 6 1271 1274
1260 6 1271 1275
1261 4 1276 1277
1262 6 1276 1278
1263 6 1276 1279
1264 6 1277 1280
1265 6 1277 1281
1266 4 1282 1283
1267 6 1282 1284
1268 6 1282 1285
1269 6 1283 1286
1270 6 1283 1287
1271 4 1288 1289
1272 6 1288 1290
1273 6 1288 1291
1274 6 1289 1292
1275 6 1289 1293
1276 4 1294 1295
1277 6 1294 1296
1278 6 1294 1297
1279 6 1295 1298
1280 6 1295 1299
1281 4 1300 1301
1282 6 1300 1302
1283 6 1300 1303
1284 6 1301 1304
1285 6 1301 1305
1286 4 1306 1307
1287 6 1306 1308
1288 6 1306 1309
1289 6 1307 1310
1290 6 1307 1311
1291 4 1312 1313
1292 6 1312 1314
1293 6 1312 1315
1294 6 1313 1316
1295 6 1313 1317
1296 4 1318 1319
1297 6 1318 1320
1298 6 1318 1321
1299 6 1319 1322
1300 6 1319 1323
1301 4 1324 1325
1302 6 1324 1326
1303 6 1324 1327
1304 6 1325 1328
1305 6 1325 1329
1306 4 1330 1331
1307 6 1330 1332
1308 6 1330 1333
1309 6 1331 1334
1310 6 1331 1335
1311 4 1336 1337
1312 6 1336 1338
1313 6 1336 1339
1314 6 1337 1340
1315 6 1337 1341
1316 4 1342 1343
1317 6 1342 1344
1318 6 1342 1345
1319 6 1343 1346
1320 6 1343 1347
1321 4 1348 1349
1322 6 1348 1350
1323 6 1348 1351
1324 6 1349 1352
1325 6 1349 1353
1326 4 1354 1355
1327 6 1354 1356
1328 6 1354 1357
1329 6 1355 1358
1330 6 1355 1359
1331 4 1360 1361
1332 6 1360 1362
1333 6 1360 1363
1334 6 1361 1364
1335 6 1361 1365
1336 4 1366 1367
1337 6 1366 1368
1338 6 1366 1369
1339 6 1367 1370
1340 6 1367 1371
1341 4 1372 1373
1342 6 1372 1374
1343 6 1372 1375
1344 6 1373 1376
1345 6 1373 1377
1346 4 1378 1379
1347 6 1378 1380
1348 6 1378 1381
1349 6 1379 1382
1350 6 1379 1383
1351 4 1384 1385
1352 6 1384 1386
1353 6 1384 1387
1354 6 1385 1388
1355 6 1385 1389
1356 4 1390 1391
1357 6 1390 1392
1358 6 1390 1393
1359 6 1391 1394
1360 6 1391 1395
1361 4 1396 1397
1362 6 1396 1398
1363 6 1396 1399
1364 6 1397 1400
1365 6 1397 1401
1366 4 1402 1403
1367 6 1402 1404
1368 6 1402 1405
1369 6 1403 1406
1370 6 1403 1407
1371 4 1408 1409
1372 6 1408 1410
1373 6 1408 1411
1374 6 1409 1412
1375 6 1409 1413
1376 4 1414 1415
1377 6 1414 1416
1378 6 1414 1417
1379 6 1415 1418
1380 6 1415 1419
1381 4 1420 1421
1382 6 1420 1422
1383 6 1420 1423
1384 6 1421 1424
1385 6 1421 1425
1386 4 1426 1427
1387 6 1426 1428
1388 6 1426 1429
1389 6 1427 1430
1390 6 1427 1431
1391 4 1432 1433
1392 6 1432 1434
1393 6 1432 1435
1394 6 1433 1436
1395 6 1433 1437
1396 4 1438 1439
1397 6 1438 1440
1398 6 1438 1441
1399 6 1439 1442
1400 6 1439 1443
1401 4 1444 1445
1402 6 1444 1446
1403 6 1444 1447
1404 6 1445 1448
1405 6 1445 1449
1406 4 1450 1451
1407 6 1450 1452
1408 6 1450 1453
1409 6 1451 1454
1410 6 1451 1455
1411 4 1456 1457
1412 6 1456 1458
1413 6 1456 1459
1414 6 1457 1460
1415 6 1457 1461
1416 4 1462 1463
1417 6 1462 1464
1418 6 1462 1465
1419 6 1463 1466
1420 6 1463 1467
1421 4 1468 1469
1422 6 1468 1470
1423 6 1468 1471
1424 6 1469 1472
1425 6 1469 1473
1426 4 1474 1475
1427 6 1474 1476
1428 6 1474 1477
1429 6 1475 1478
1430 6 1475 1479
1431 4 1480 1481
1432 6 1480 1482
1433 6 1480 1483
1434 6 1481 1484
1435 6 1481 1485
1436 4 1486 1487
1437 6 1486 1488
1438 6 1486 1489
1439 6 1487 1490
1440 6 1487 1491
1441 4 1492 1493
1442 6 1492 1494
1443 6 1492 1495
1444 6 1493 1496
1445 6 1493 1497
1446 4 1498 1499
1447 6 1498 1500
1448 6 1498 1501
1449 6 1499 1502
1450 6 1499 1503
1451 3 1504 1505
1452 6 1504 1506
1453 6 1504 1507
1454 5 1505 1508
1455 5 1505 1509
1456 5 1505 1510
1457 4 1210 1216
1458 4 1217 1222
1459 4 1223 1228
1460 4 1229 1234
1461 4 1235 1240
1462 4 1241 1246
1463 4 1247 1252
1464 4 1253 1258
1465 4 1259 1264
1466 4 1265 1270
1467 4 1271 1276
1468 4 1277 1282
1469 4 1283 1288
1470 4 1289 1294
1471 4 1295 1300
1472 4 1301 1306
1473 4 1307 1312
1474 4 1313 1318
1475 4 1319 1324
1476 4 1325 1330
1477 4 1331 1336
1478 4 1337 1342
1479 4 1343 1348
1480 4 1349 1354
1481 4 1355 1360
1482 4 1361 1366
1483 4 1367 1372
1484 4 1373 1378
1485 4 1379 1384
1486 4 1385 1390
1487 4 1391 1396
1488 4 1397 1402
1489 4 1403 1408
1490 4 1409 1414
1491 4 1415 1420
1492 4 1421 1426
1493 4 1427 1432
1494 4 1433 1438
1495 4 1439 1444
1496 4 1445 1450
1497 4 1451 1456
1498 4 1457 1462
1499 4 1463 1468
1500 4 1469 1474
1501 4 1475 1480
1502 4 1481 1486
1503 4 1487 1492
1504 4 1493 1498
1505 4 1499 1504
1506 3 1511 1512
1507 5 1511 1513
1508 5 1511 1514
1509 5 1511 1515
1510 6 1512 1516
1511 6 1512 1517
1512 4 1518 1519
1513 6 1518 1520
1514 6 1518 1521
1515 6 1519 1522
1516 6 1519 1523
1517 4 1524 1525
1518 6 1524 1526
1519 6 1524 1527
1520 6 1525 1528
1521 6 1525 1529
1522 4 1530 1531
1523 6 1530 1532
1524 6 1530 1533
1525 6 1531 1534
1526 6 1531 1535
1527 4 1536 1537
1528 6 1536 1538
1529 6 1536 1539
1530 6 1537 1540
1531 6 1537 1541
1532 4 1542 1543
1533 6 1542 1544
1534 6 1542 1545
1535 6 1543 1546
1536 6 1543 1547
1537 4 1548 1549
1538 6 1548 1550
1539 6 1548 1551
1540 6 1549 1552
1541 6 1549 1553
1542 4 1554 1555
1543 6 1554 1556
1544 6 1554 1557
1545 6 1555 1558
1546 6 1555 1559
1547 4 1560 1561
1548 6 1560 1562
1549 6 1560 1563
1550 6 1561 1564
1551 6 1561 1565
1552 4 1566 1567
1553 6 1566 1568
1554 6 1566 1569
1555 6 1567 1570
1556 6 1567 1571
1557 4 1572 1573
1558 6 1572 1574
1559 6 1572 1575
1560 6 1573 1576
1561 6 1573 1577
1562 4 1578 1579
1563 6 1578 1580
1564 6 1578 1581
1565 6 1579 1582
1566 6 1579 1583
1567 4 1584 1585
1568 6 1584 1586
1569 6 1584 1587
1570 6 1585 1588
1571 6 1585 1589
1572 4 1590 1591
1573 6 1590 1592
1574 6 1590 1593
1575 6 1591 1594
1576 6 1591 1595
1577 4 1596 1597
1578 6 1596 1598
1579 6 1596 1599
1580 6 1597 1600
1581 6 1597 1601
1582 4 1602 1603
1583 6 1602 1604
1584 6 1602 1605
1585 6 1603 1606
1586 6 1603 1607
1587 4 1608 1609
1588 6 1608 1610
1589 6 1608 1611
1590 6 1609 1612
1591 6 1609 1613
1592 4 1614 1615
1593 6 1614 1616
1594 6 1614 1617
1595 6 1615 1618
1596 6 1615 1619
1597 4 1620 1621
1598 6 1620 1622
1599 6 1620 1623
1600 6 1621 1624
1601 6 1621 1625
1602 4 1626 1627
1603 6 1626 1628
1604 6 1626 1629
1605 6 1627 1630
1606 6 1627 1631
1607 4 1632 1633
1608 6 1632 1634
1609 6 1632 1635
1610 6 1633 1636
1611 6 1633 1637
1612 4 1638 1639
1613 6 1638 1640
1614 6 1638 1641
1615 6 1639 1642
1616 6 1639 1643
1617 4 1644 1645
1618 6 1644 1646
1619 6 1644 1647
1620 6 1645 1648
1621 6 1645 1649
1622 4 1650 1651
1623 6 1650 1652
1624 6 1650 1653
1625 6 1651 1654
1626 6 1651 1655
1627 4 1656 1657
1628 6 1656 1658
1629 6 1656 1659
1630 6 1657 1660
1631 6 1657 1661
1632 4 1662 1663
1633 6 1662 1664
1634 6 1662 1665
1635 6 1663 1666
1636 6 1663 1667
1637 4 1668 1669
1638 6 1668 1670
1639 6 1668 1671
1640 6 1669 1672
1641 6 1669 1673
1642 4 1674 1675
1643 6 1674 1676
1644 6 1674 1677
1645 6 1675 1678
1646 6 1675 1679
1647 4 1680 1681
1648 6 1680 1682
1649 6 1680 1683
1650 6 1681 1684
1651 6 1681 1685
1652 4 1686 1687
1653 6 1686 1688
1654 6 1686 1689
1655 6 1687 1690
1656 6 1687 1691
1657 4 1692 1693
1658 6 1692 1694
1659 6 1692 1695
1660 6 1693 1696
1661 6 1693 1697
1662 4 1698 1699
1663 6 1698 1700
1664 6 1698 1701
1665 6 1699 1702
1666 6 1699 1703
1667 4 1704 1705
1668 6 1704 1706
1669 6 1704 1707
1670 6 1705 1708
1671 6 1705 1709
1672 4 1710 1711
1673 6 1710 1712
1674 6 1710 1713
1675 6 1711 1714
1676 6 1711 1715
1677 4 1716 1717
1678 6 1716 1718
1679 6 1716 1719
1680 6 1717 1720
1681 6 1717 1721
1682 4 1722 1723
1683 6 1722 1724
1684 6 1722 1725
1685 6 1723 1726
1686 6 1723 1727
1687 4 1728 1729
1688 6 1728 1730
1689 6 1728 1731
1690 6 1729 1732
1691 6 1729 1733
1692 4 1734 1735
1693 6 1734 1736
1694 6 1734 1737
1695 6 1735 1738
1696 6 1735 1739
1697 4 1740 1741
1698 6 1740 1742
1699 6 1740 1743
1700 6 1741 1744
1701 6 1741 1745
1702 4 1746 1747
1703 6 1746 1748
1704 6 1746 1749
1705 6 1747 1750
1706 6 1747 1751
1707 4 1752 1753
1708 6 1752 1754
1709 6 1752 1755
1710 6 1753 1756
1711 6 1753 1757
1712 4 1758 1759
1713 6 1758 1760
1714 6 1758 1761
1715 6 1759 1762
1716 6 1759 1763
1717 4 1764 1765
1718 6 1764 1766
1719 6 1764 1767
1720 6 1765 1768
1721 6 1765 1769
1722 4 1770 1771
1723 6 1770 1772
1724 6 1770 1773
1725 6 1771 1774
1726 6 1771 1775
1727 4 1776 1777
1728 6 1776 1778
1729 6 1776 1779
1730 6 1777 1780
1731 6 1777 1781
1732 4 1782 1783
1733 6 1782 1784
1734 6 1782 1785
1735 6 1783 1786
1736 6 1783 1787
1737 4 1788 1789
1738 6 1788 1790
1739 6 1788 1791
1740 6 1789 1792
1741 6 1789 1793
1742 4 1794 1795
1743 6 1794 1796
1744 6 1794 1797
1745 6 1795 1798
1746 6 1795 1799
1747 4 1800 1801
1748 6 1800 1802
1749 6 1800 1803
1750 6 1801 1804
1751 6 1801 1805
1752 3 1806 1807
1753 6 1806 1808
1754 6 1806 1809
1755 5 1807 1810
1756 5 1807 1811
1757 5 1807 1812
1758 4 1512 1518
1759 4 1519 1524
1760 4 1525 1530
1761 4 1531 1536
1762 4 1537 1542
1763 4 1543 1548
1764 4 1549 1554
1765 4 1555 1560
1766 4 1561 1566
1767 4 1567 1572
1768 4 1573 1578
1769 4 1579 1584
1770 4 1585 1590
1771 4 1591 1596
1772 4 1597 1602
1773 4 1603 1608
1774 4 1609 1614
1775 4 1615 1620
1776 4 1621 1626
1777 4 1627 1632
1778 4 1633 1638
1779 4 1639 1644
1780 4 1645 1650
1781 4 1651 1656
1782 4 1657 1662
1783 4 1663 1668
1784 4 1669 1674
1785 4 1675 1680
1786 4 1681 1686
1787 4 1687 1692
1788 4 1693 1698
1789 4 1699 1704
1790 4 1705 1710
1791 4 1711 1716
1792 4 1717 1722
1793 4 1723 1728
1794 4 1729 1734
1795 4 1735 1740
1796 4 1741 1746
1797 4 1747 1752
1798 4 1753 1758
1799 4 1759 1764
1800 4 1765 1770
1801 4 1771 1776
1802 4 1777 1782
1803 4 1783 1788
1804 4 1789 1794
1805 4 1795 1800
1806 4 1801 1806
1807 3 1813 1814
1808 5 1813 1815
1809 5 1813 1816
1810 5 1813 1817
1811 6 1814 1818
1812 6 1814 1819
1813 4 1820 1821
1814 6 1820 1822
1815 6 1820 1823
1816 6 1821 1824
1817 6 1821 1825
1818 4 1826 1827
1819 6 1826 1828
1820 6 1826 1829
1821 6 1827 1830
1822 6 1827 1831
1823 4 1832 1833
1824 6 1832 1834
1825 6 1832 1835
1826 6 1833 1836
1827 6 1833 1837
1828 4 1838 1839
1829 6 1838 1840
1830 6 1838 1841
1831 6 1839 1842
1832 6 1839 1843
1833 4 1844 1845
1834 6 1844 1846
1835 6 1844 1847
1836 6 1845 1848
1837 6 1845 1849
1838 4 1850 1851
1839 6 1850 1852
1840 6 1850 1853
1841 6 1851 1854
1842 6 1851 1855
1843 4 1856 1857
1844 6 1856 1858
1845 6 1856 1859
1846 6 1857 1860
1847 6 1857 1861
1848 4 1862 1863
1849 6 1862 1864
1850 6 1862 1865
1851 6 1863 1866
1852 6 1863 1867
1853 4 1868 1869
1854 6 1868 1870
1855 6 1868 1871
1856 6 1869 1872
1857 6 1869 1873
1858 4 1874 1875
1859 6 1874 1876
1860 6 1874 1877
1861 6 1875 1878
1862 6 1875 1879
1863 4 1880 1881
1864 6 1880 1882
1865 6 1880 1883
1866 6 1881 1884
1867 6 1881 1885
1868 4 1886 1887
1869 6 1886 1888
1870 6 1886 1889
1871 6 1887 1890
1872 6 1887 1891
1873 4 1892 1893
1874 6 1892 1894
1875 6 1892 1895
1876 6 1893 1896
1877 6 1893 1897
1878 4 1898 1899
1879 6 1898 1900
1880 6 1898 1901
1881 6 1899 1902
1882 6 1899 1903
1883 4 1904 1905
1884 6 1904 1906
1885 6 1904 1907
1886 6 1905 1908
1887 6 1905 1909
1888 4 1910 1911
1889 6 1910 1912
1890 6 1910 1913
1891 6 1911 1914
1892 6 1911 1915
1893 4 1916 1917
1894 6 1916 1918
1895 6 1916 1919
1896 6 1917 1920
1897 6 1917 1921
1898 4 1922 1923
1899 6 1922 1924
1900 6 1922 1925
1901 6 1923 1926
1902 6 1923 1927
1903 4 1928 1929
1904 6 1928 1930
1905 6 1928 1931
1906 6 1929 1932
1907 6 1929 1933
1908 4 1934 1935
1909 6 1934 1936
1910 6 1934 1937
1911 6 1935 1938
1912 6 1935 1939
1913 4 1940 1941
1914 6 1940 1942
1915 6 1940 1943
1916 6 1941 1944
1917 6 1941 1945
1918 4 1946 1947
1919 6 1946 1948
1920 6 1946 1949
1921 6 1947 1950
1922 6 1947 1951
1923 4 1952 1953
1924 6 1952 1954
1925 6 1952 1955
1926 6 1953 1956
1927 6 1953 1957
1928 4 1958 1959
1929 6 1958 1960
1930 6 1958 1961
1931 6 1959 1962
1932 6 1959 1963
1933 4 1964 1965
1934 6 1964 1966
1935 6 1964 1967
1936 6 1965 1968
1937 6 1965 1969
1938 4 1970 1971
1939 6 1970 1972
1940 6 1970 1973
1941 6 1971 1974
1942 6 1971 1975
1943 4 1976 1977
1944 6 1976 1978
1945 6 1976 1979
1946 6 1977 1980
1947 6 1977 1981
1948 4 1982 1983
1949 6 1982 1984
1950 6 1982 1985
1951 6 1983 1986
1952 6 1983 1987
1953 4 1988 1989
1954 6 1988 1990
1955 6 1988 1991
1956 6 1989 1992
1957 6 1989 1993
1958 4 1994 1995
1959 6 1994 1996
1960 6 1994 1997
1961 6 1995 1998
1962 6 1995 1999
1963 4 2000 2001
1964 6 2000 2002
1965 6 2000 2003
1966 6 2001 2004
1967 6 2001 2005
1968 4 2006 2007
1969 6 2006 2008
1970 6 2006 2009
1971 6 2007 2010
1972 6 2007 2011
1973 4 2012 2013
1974 6 2012 2014
1975 6 2012 2015
1976 6 2013 2016
1977 6 2013 2017
1978 4 2018 2019
1979 6 2018 2020
1980 6 2018 2021
1981 6 2019 2022
1982 6 2019 2023
1983 4 2024 2025
1984 6 2024 2026
1985 6 2024 2027
1986 6 2025 2028
1987 6 2025 2029
1988 4 2030 2031
1989 6 2030 2032
1990 6 2030 2033
1991 6 2031 2034
1992 6 2031 2035
1993 4 2036 2037
1994 6 2036 2038
1995 6 2036 2039
1996 6 2037 2040
1997 6 2037 2041
1998 4 2042 2043
1999 6 2042 2044
2000 6 2042 2045
2001 6 2043 2046
2002 6 2043 2047
2003 4 2048 2049
2004 6 2048 2050
2005 6 2048 2051
2006 6 2049 2052
2007 6 2049 2053
2008 4 2054 2055
2009 6 2054 2056
2010 6 2054 2057
2011 6 2055 2058
2012 6 2055 2059
2013 4 2060 2061
2014 6 2060 2062
2015 6 2060 2063
2016 6 2061 2064
2017 6 2061 2065
2018 4 2066 2067
2019 6 2066 2068
2020 6 2066 2069
2021 6 2067 2070
2022 6 2067 2071
2023 4 2072 2073
2024 6 2072 2074
2025 6 2072 2075
2026 6 2073 2076
2027 6 2073 2077
2028 4 2078 2079
2029 6 2078 2080
2030 6 2078 2081
2031 6 2079 2082
2032 6 2079 2083
2033 4 2084 2085
2034 6 2084 2086
2035 6 2084 2087
2036 6 2085 2088
2037 6 2085 2089
2038 4 2090 2091
2039 6 2090 2092
2040 6 2090 2093
2041 6 2091 2094
2042 6 2091 2095
2043 4 2096 2097
2044 6 2096 2098
2045 6 2096 2099
2046 6 2097 2100
2047 6 2097 2101
2048 4 2102 2103
2049 6 2102 2104
2050 6 2102 2105
2051 6 2103 2106
2052 6 2103 2107
2053 3 2108 2109
2054 6 2108 2110
2055 6 2108 2111
2056 5 2109 2112
2057 5 2109 2113
2058 5 2109 2114
2059 4 1814 1820
2060 4 1821 1826
2061 4 1827 1832
2062 4 1833 1838
2063 4 1839 1844
2064 4 1845 1850
2065 4 1851 1856
2066 4 1857 1862
2067 4 1863 1868
2068 4 1869 1874
2069 4 1875 1880
2070 4 1881 1886
2071 4 1887 1892
2072 4 1893 1898
2073 4 1899 1904
2074 4 1905 1910
2075 4 1911 1916
2076 4 1917 1922
2077 4 1923 1928
2078 4 1929 1934
2079 4 1935 1940
2080 4 1941 1946
2081 4 1947 1952
2082 4 1953 1958
2083 4 1959 1964
2084 4 1965 1970
2085 4 1971 1976
2086 4 1977 1982
2087 4 1983 1988
2088 4 1989 1994
2089 4 1995 2000
2090 4 2001 2006
2091 4 2007 2012
2092 4 2013 2018
2093 4 2019 2024
2094 4 2025 2030
2095 4 2031 2036
2096 4 2037 2042
2097 4 2043 2048
2098 4 2049 2054
2099 4 2055 2060
2100 4 2061 2066
2101 4 2067 2072
2102 4 2073 2078
2103 4 2079 2084
2104 4 2085 2090
2105 4 2091 2096
2106 4 2097 2102
2107 4 2103 2108
2108 3 2115 2116
2109 5 2115 2117
2110 5 2115 2118
2111 5 2115 2119
2112 6 2116 2120
2113 6 2116 2121
2114 4 2122 2123
2115 6 2122 2124
2116 6 2122 2125
2117 6 2123 2126
2118 6 2123 2127
2119 4 2128 2129
2120 6 2128 2130
2121 6 2128 2131
2122 6 2129 2132
2123 6 2129 2133
2124 4 2134 2135
2125 6 2134 2136
2126 6 2134 2137
2127 6 2135 2138
2128 6 2135 2139
2129 4 2140 2141
2130 6 2140 2142
2131 6 2140 2143
2132 6 2141 2144
2133 6 2141 2145
2134 4 2146 2147
2135 6 2146 2148
2136 6 2146 2149
2137 6 2147 2150
2138 6 2147 2151
2139 4 2152 2153
2140 6 2152 2154
2141 6 2152 2155
2142 6 2153 2156
2143 6 2153 2157
2144 4 2158 2159
2145 6 2158 2160
2146 6 2158 2161
2147 6 2159 2162
2148 6 2159 2163
2149 4 2164 2165
2150 6 2164 2166
2151 6 2164 2167
2152 6 2165 2168
2153 6 2165 2169
2154 4 2170 2171
2155 6 2170 2172
2156 6 2170 2173
2157 6 2171 2174
2158 6 2171 2175
2159 4 2176 2177
2160 6 2176 2178
2161 6 2176 2179
2162 6 2177 2180
2163 6 2177 2181
2164 4 2182 2183
2165 6 2182 2184
2166 6 2182 2185
2167 6 2183 2186
2168 6 2183 2187
2169 4 2188 2189
2170 6 2188 2190
2171 6 2188 2191
2172 6 2189 2192
2173 6 2189 2193
2174 4 2194 2195
2175 6 2194 2196
2176 6 2194 2197
2177 6 2195 2198
2178 6 2195 2199
2179 4 2200 2201
2180 6 2200 2202
2181 6 2200 2203
2182 6 2201 2204
2183 6 2201 2205
2184 4 2206 2207
2185 6 2206 2208
2186 6 2206 2209
2187 6 2207 2210
2188 6 2207 2211
2189 4 2212 2213
2190 6 2212 2214
2191 6 2212 2215
2192 6 2213 2216
2193 6 2213 2217
2194 4 2218 2219
2195 6 2218 2220
2196 6 2218 2221
2197 6 2219 2222
2198 6 2219 2223
2199 4 2224 2225
2200 6 2224 2226
2201 6 2224 2227
2202 6 2225 2228
2203 6 2225 2229
2204 4 2230 2231
2205 6 2230 2232
2206 6 2230 2233
2207 6 2231 2234
2208 6 2231 2235
2209 4 2236 2237
2210 6 2236 2238
2211 6 2236 2239
2212 6 2237 2240
2213 6 2237 2241
2214 4 2242 2243
2215 6 2242 2244
2216 6 2242 2245
2217 6 2243 2246
2218 6 2243 2247
2219 4 2248 2249
2220 6 2248 2250
2221 6 2248 2251
2222 6 2249 2252
2223 6 2249 2253
2224 4 2254 2255
2225 6 2254 2256
2226 6 2254 2257
2227 6 2255 2258
2228 6 2255 2259
2229 4 2260 2261
2230 6 2260 2262
2231 6 2260 2263
2232 6 2261 2264
2233 6 2261 2265
2234 4 2266 2267
2235 6 2266 2268
2236 6 2266 2269
2237 6 2267 2270
2238 6 2267 2271
2239 4 2272 2273
2240 6 2272 2274
2241 6 2272 2275
2242 6 2273 2276
2243 6 2273 2277
2244 4 2278 2279
2245 6 2278 2280
2246 6 2278 2281
2247 6 2279 2282
2248 6 2279 2283
2249 4 2284 2285
2250 6 2284 2286
2251 6 2284 2287
2252 6 2285 2288
2253 6 2285 2289
2254 4 2290 2291
2255 6 2290 2292
2256 6 2290 2293
2257 6 2291 2294
2258 6 2291 2295
2259 4 2296 2297
2260 6 2296 2298
2261 6 2296 2299
2262 6 2297 2300
2263 6 2297 2301
2264 4 2302 2303
2265 6 2302 2304
2266 6 2302 2305
2267 6 2303 2306
2268 6 2303 2307
2269 4 2308 2309
2270 6 2308 2310
2271 6 2308 2311
2272 6 2309 2312
2273 6 2309 2313
2274 4 2314 2315
2275 6 2314 2316
2276 6 2314 2317
2277 6 2315 2318
2278 6 2315 2319
2279 4 2320 2321
2280 6 2320 2322
2281 6 2320 2323
2282 6 2321 2324
2283 6 2321 2325
2284 4 2326 2327
2285 6 2326 2328
2286 6 2326 2329
2287 6 2327 2330
2288 6 2327 2331
2289 4 2332 2333
2290 6 2332 2334
2291 6 2332 2335
2292 6 2333 2336
2293 6 2333 2337
2294 4 2338 2339
2295 6 2338 2340
2296 6 2338 2341
2297 6 2339 2342
2298 6 2339 2343
2299 4 2344 2345
2300 6 2344 2346
2301 6 2344 2347
2302 6 2345 2348
2303 6 2345 2349
2304 4 2350 2351
2305 6 2350 2352
2306 6 2350 2353
2307 6 2351 2354
2308 6 2351 2355
2309 4 2356 2357
2310 6 2356 2358
2311 6 2356 2359
2312 6 2357 2360
2313 6 2357 2361
2314 4 2362 2363
2315 6 2362 2364
2316 6 2362 2365
2317 6 2363 2366
2318 6 2363 2367
2319 4 2368 2369
2320 6 2368 2370
2321 6 2368 2371
2322 6 2369 2372
2323 6 2369 2373
2324 4 2374 2375
2325 6 2374 2376
2326 6 2374 2377
2327 6 2375 2378
2328 6 2375 2379
2329 4 2380 2381
2330 6 2380 2382
2331 6 2380 2383
2332 6 2381 2384
2333 6 2381 2385
2334 4 2386 2387
2335 6 2386 2388
2336 6 2386 2389
2337 6 2387 2390
2338 6 2387 2391
2339 4 2392 2393
2340 6 2392 2394
2341 6 2392 2395
2342 6 2393 2396
2343 6 2393 2397
2344 4 2398 2399
2345 6 2398 2400
2346 6 2398 2401
2347 6 2399 2402
2348 6 2399 2403
2349 4 2404 2405
2350 6 2404 2406
2351 6 2404 2407
2352 6 2405 2408
2353 6 2405 2409
2354 3 2410 2411
2355 6 2410 2412
2356 6 2410 2413
2357 5 2411 2414
2358 5 2411 2415
2359 5 2411 2416
2360 4 2116 2122
2361 4 2123 2128
2362 4 2129 2134
2363 4 2135 2140
2364 4 2141 2146
2365 4 2147 2152
2366 4 2153 2158
2367 4 2159 2164
2368 4 2165 2170
2369 4 2171 2176
2370 4 2177 2182
2371 4 2183 2188
2372 4 2189 2194
2373 4 2195 2200
2374 4 2201 2206
2375 4 2207 2212
2376 4 2213 2218
2377 4 2219 2224
2378 4 2225 2230
2379 4 2231 2236
2380 4 2237 2242
2381 4 2243 2248
2382 4 2249 2254
2383 4 2255 2260
2384 4 2261 2266
2385 4 2267 2272
2386 4 2273 2278
2387 4 2279 2284
2388 4 2285 2290
2389 4 2291 2296
2390 4 2297 2302
2391 4 2303 2308
2392 4 2309 2314
2393 4 2315 2320
2394 4 2321 2326
2395 4 2327 2332
2396 4 2333 2338
2397 4 2339 2344
2398 4 2345 2350
2399 4 2351 2356
2400 4 2357 2362
2401 4 2363 2368
2402 4 2369 2374
2403 4 2375 2380
2404 4 2381 2386
2405 4 2387 2392
2406 4 2393 2398
2407 4 2399 2404
2408 4 2405 2410
2409 3 2417 2418
2410 5 2417 2419
2411 5 2417 2420
2412 5 2417 2421
2413 6 2418 2422
2414 6 2418 2423
2415 4 2424 2425
2416 6 2424 2426
2417 6 2424 2427
2418 6 2425 2428
2419 6 2425 2429
2420 4 2430 2431
2421 6 2430 2432
2422 6 2430 2433
2423 6 2431 2434
2424 6 2431 2435
2425 4 2436 2437
2426 6 2436 2438
2427 6 2436 2439
2428 6 2437 2440
2429 6 2437 2441
2430 4 2442 2443
2431 6 2442 2444
2432 6 2442 2445
2433 6 2443 2446
2434 6 2443 2447
2435 4 2448 2449
2436 6 2448 2450
2437 6 2448 2451
2438 6 2449 2452
2439 6 2449 2453
2440 4 2454 2455
2441 6 2454 2456
2442 6 2454 2457
2443 6 2455 2458
2444 6 2455 2459
2445 4 2460 2461
2446 6 2460 2462
2447 6 2460 2463
2448 6 2461 2464
2449 6 2461 2465
2450 4 2466 2467
2451 6 2466 2468
2452 6 2466 2469
2453 6 2467 2470
2454 6 2467 2471
2455 4 2472 2473
2456 6 2472 2474
2457 6 2472 2475
2458 6 2473 2476
2459 6 2473 2477
2460 4 2478 2479
2461 6 2478 2480
2462 6 2478 2481
2463 6 2479 2482
2464 6 2479 2483
2465 4 2484 2485
2466 6 2484 2486
2467 6 2484 2487
2468 6 2485 2488
2469 6 2485 2489
2470 4 2490 2491
2471 6 2490 2492
2472 6 2490 2493
2473 6 2491 2494
2474 6 2491 2495
2475 4 2496 2497
2476 6 2496 2498
2477 6 2496 2499
2478 6 2497 2500
2479 6 2497 2501
2480 4 2502 2503
2481 6 2502 2504
2482 6 2502 2505
2483 6 2503 2506
2484 6 2503 2507
2485 4 2508 2509
2486 6 2508 2510
2487 6 2508 2511
2488 6 2509 2512
2489 6 2509 2513
2490 4 2514 2515
2491 6 2514 2516
2492 6 2514 2517
2493 6 2515 2518
2494 6 2515 2519
2495 4 2520 2521
2496 6 2520 2522
2497 6 2520 2523
2498 6 2521 2524
2499 6 2521 2525
2500 4 2526 2527
2501 6 2526 2528
2502 6 2526 2529
2503 6 2527 2530
2504 6 2527 2531
2505 4 2532 2533
2506 6 2532 2534
2507 6 2532 2535
2508 6 2533 2536
2509 6 2533 2537
2510 4 2538 2539
2511 6 2538 2540
2512 6 2538 2541
2513 6 2539 2542
2514 6 2539 2543
2515 4 2544 2545
2516 6 2544 2546
2517 6 2544 2547
2518 6 2545 2548
2519 6 2545 2549
2520 4 2550 2551
2521 6 2550 2552
2522 6 2550 2553
2523 6 2551 2554
2524 6 2551 2555
2525 4 2556 2557
2526 6 2556 2558
2527 6 2556 2559
2528 6 2557 2560
2529 6 2557 2561
2530 4 2562 2563
2531 6 2562 2564
2532 6 2562 2565
2533 6 2563 2566
2534 6 2563 2567
2535 4 2568 2569
2536 6 2568 2570
2537 6 2568 2571
2538 6 2569 2572
2539 6 2569 2573
2540 4 2574 2575
2541 6 2574 2576
2542 6 2574 2577
2543 6 2575 2578
2544 6 2575 2579
2545 4 2580 2581
2546 6 2580 2582
2547 6 2580 2583
2548 6 2581 2584
2549 6 2581 2585
2550 4 2586 2587
2551 6 2586 2588
2552 6 2586 2589
2553 6 2587 2590
2554 6 2587 2591
2555 4 2592 2593
2556 6 2592 2594
2557 6 2592 2595
2558 6 2593 2596
2559 6 2593 2597
2560 4 2598 2599
2561 6 2598 2600
2562 6 2598 2601
2563 6 2599 2602
2564 6 2599 2603
2565 4 2604 2605
2566 6 2604 2606
2567 6 2604 2607
2568 6 2605 2608
2569 6 2605 2609
2570 4 2610 2611
2571 6 2610 2612
2572 6 2610 2613
2573 6 2611 2614
2574 6 2611 2615
2575 4 2616 2617
2576 6 2616 2618
2577 6 2616 2619
2578 6 2617 2620
2579 6 2617 2621
2580 4 2622 2623
2581 6 2622 2624
2582 6 2622 2625
2583 6 2623 2626
2584 6 2623 2627
2585 4 2628 2629
2586 6 2628 2630
2587 6 2628 2631
2588 6 2629 2632
2589 6 2629 2633
2590 4 2634 2635
2591 6 2634 2636
2592 6 2634 2637
2593 6 2635 2638
2594 6 2635 2639
2595 4 2640 2641
2596 6 2640 2642
2597 6 2640 2643
2598 6 2641 2644
2599 6 2641 2645
2600 4 2646 2647
2601 6 2646 2648
2602 6 2646 2649
2603 6 2647 2650
2604 6 2647 2651
2605 4 2652 2653
2606 6 2652 2654
2607 6 2652 2655
2608 6 2653 2656
2609 6 2653 2657
2610 4 2658 2659
2611 6 2658 2660
2612 6 2658 2661
2613 6 2659 2662
2614 6 2659 2663
2615 4 2664 2665
2616 6 2664 2666
2617 6 2664 2667
2618 6 2665 2668
2619 6 2665 2669
2620 4 2670 2671
2621 6 2670 2672
2622 6 2670 2673
2623 6 2671 2674
2624 6 2671 2675
2625 4 2676 2677
2626 6 2676 2678
2627 6 2676 2679
2628 6 2677 2680
2629 6 2677 2681
2630 4 2682 2683
2631 6 2682 2684
2632 6 2682 2685
2633 6 2683 2686
2634 6 2683 2687
2635 4 2688 2689
2636 6 2688 2690
2637 6 2688 2691
2638 6 2689 2692
2639 6 2689 2693
2640 4 2694 2695
2641 6 2694 2696
2642 6 2694 2697
2643 6 2695 2698
2644 6 2695 2699
2645 4 2700 2701
2646 6 2700 2702
2647 6 2700 2703
2648 6 2701 2704
2649 6 2701 2705
2650 4 2706 2707
2651 6 2706 2708
2652 6 2706 2709
2653 6 2707 2710
2654 6 2707 2711
2655 3 2712 2713
2656 6 2712 2714
2657 6 2712 2715
2658 5 2713 2716
2659 5 2713 2717
2660 5 2713 2718
2661 4 2418 2424
2662 4 2425 2430
2663 4 2431 2436
2664 4 2437 2442
2665 4 2443 2448
2666 4 2449 2454
2667 4 2455 2460
2668 4 2461 2466
2669 4 2467 2472
2670 4 2473 2478
2671 4 2479 2484
2672 4 2485 2490
2673 4 2491 2496
2674 4 2497 2502
2675 4 2503 2508
2676 4 2509 2514
2677 4 2515 2520
2678 4 2521 2526
2679 4 2527 2532
2680 4 2533 2538
2681 4 2539 2544
2682 4 2545 2550
2683 4 2551 2556
2684 4 2557 2562
2685 4 2563 2568
2686 4 2569 2574
2687 4 2575 2580
2688 4 2581 2586
2689 4 2587 2592
2690 4 2593 2598
2691 4 2599 2604
2692 4 2605 2610
2693 4 2611 2616
2694 4 2617 2622
2695 4 2623 2628
2696 4 2629 2634
2697 4 2635 2640
2698 4 2641 2646
2699 4 2647 2652
2700 4 2653 2658
2701 4 2659 2664
2702 4 2665 2670
2703 4 2671 2676
2704 4 2677 2682
2705 4 2683 2688
2706 4 2689 2694
2707 4 2695 2700
2708 4 2701 2706
2709 4 2707 2712
2710 3 2719 2720
2711 5 2719 2721
2712 5 2719 2722
2713 5 2719 2723
2714 6 2720 2724
2715 6 2720 2725
2716 4 2726 2727
2717 6 2726 2728
2718 6 2726 2729
2719 6 2727 2730
2720 6 2727 2731
2721 4 2732 2733
2722 6 2732 2734
2723 6 2732 2735
2724 6 2733 2736
2725 6 2733 2737
2726 4 2738 2739
2727 6 2738 2740
2728 6 2738 2741
2729 6 2739 2742
2730 6 2739 2743
2731 4 2744 2745
2732 6 2744 2746
2733 6 2744 2747
2734 6 2745 2748
2735 6 2745 2749
2736 4 2750 2751
2737 6 2750 2752
2738 6 2750 2753
2739 6 2751 2754
2740 6 2751 2755
2741 4 2756 2757
2742 6 2756 2758
2743 6 2756 2759
2744 6 2757 2760
2745 6 2757 2761
2746 4 2762 2763
2747 6 2762 2764
2748 6 2762 2765
2749 6 2763 2766
2750 6 2763 2767
2751 4 2768 2769
2752 6 2768 2770
2753 6 2768 2771
2754 6 2769 2772
2755 6 2769 2773
2756 4 2774 2775
2757 6 2774 2776
2758 6 2774 2777
2759 6 2775 2778
2760 6 2775 2779
2761 4 2780 2781
2762 6 2780 2782
2763 6 2780 2783
2764 6 2781 2784
2765 6 2781 2785
2766 4 2786 2787
2767 6 2786 2788
2768 6 2786 2789
2769 6 2787 2790
2770 6 2787 2791
2771 4 2792 2793
2772 6 2792 2794
2773 6 2792 2795
2774 6 2793 2796
2775 6 2793 2797
2776 4 2798 2799
2777 6 2798 2800
2778 6 2798 2801
2779 6 2799 2802
2780 6 2799 2803
2781 4 2804 2805
2782 6 2804 2806
2783 6 2804 2807
2784 6 2805 2808
2785 6 2805 2809
2786 4 2810 2811
2787 6 2810 2812
2788 6 2810 2813
2789 6 2811 2814
2790 6 2811 2815
2791 4 2816 2817
2792 6 2816 2818
2793 6 2816 2819
2794 6 2817 2820
2795 6 2817 2821
2796 4 2822 2823
2797 6 2822 2824
2798 6 2822 2825
2799 6 2823 2826
2800 6 2823 2827
2801 4 2828 2829
2802 6 2828 2830
2803 6 2828 2831
2804 6 2829 2832
2805 6 2829 2833
2806 4 2834 2835
2807 6 2834 2836
2808 6 2834 2837
2809 6 2835 2838
2810 6 2835 2839
2811 4 2840 2841
2812 6 2840 2842
2813 6 2840 2843
2814 6 2841 2844
2815 6 2841 2845
2816 4 2846 2847
2817 6 2846 2848
2818 6 2846 2849
2819 6 2847 2850
2820 6 2847 2851
2821 4 2852 2853
2822 6 2852 2854
2823 6 2852 2855
2824 6 2853 2856
2825 6 2853 2857
2826 4 2858 2859
2827 6 2858 2860
2828 6 2858 2861
2829 6 2859 2862
2830 6 2859 2863
2831 4 2864 2865
2832 6 2864 2866
2833 6 2864 2867
2834 6 2865 2868
2835 6 2865 2869
2836 4 2870 2871
2837 6 2870 2872
2838 6 2870 2873
2839 6 2871 2874
2840 6 2871 2875
2841 4 2876 2877
2842 6 2876 2878
2843 6 2876 2879
2844 6 2877 2880
2845 6 2877 2881
2846 4 2882 2883
2847 6 2882 2884
2848 6 2882 2885
2849 6 2883 2886
2850 6 2883 2887
2851 4 2888 2889
2852 6 2888 2890
2853 6 2888 2891
2854 6 2889 2892
2855 6 2889 2893
2856 4 2894 2895
2857 6 2894 2896
2858 6 2894 2897
2859 6 2895 2898
2860 6 2895 2899
2861 4 2900 2901
2862 6 2900 2902
2863 6 2900 2903
2864 6 2901 2904
2865 6 2901 2905
2866 4 2906 2907
2867 6 2906 2908
2868 6 2906 2909
2869 6 2907 2910
2870 6 2907 2911
2871 4 2912 2913
2872 6 2912 2914
2873 6 2912 2915
2874 6 2913 2916
2875 6 2913 2917
2876 4 2918 2919
2877 6 2918 2920
2878 6 2918 2921
2879 6 2919 2922
2880 6 2919 2923
2881 4 2924 2925
2882 6 2924 2926
2883 6 2924 2927
2884 6 2925 2928
2885 6 2925 2929
2886 4 2930 2931
2887 6 2930 2932
2888 6 2930 2933
2889 6 2931 2934
2890 6 2931 2935
2891 4 2936 2937
2892 6 2936 2938
2893 6 2936 2939
2894 6 2937 2940
2895 6 2937 2941
2896 4 2942 2943
2897 6 2942 2944
2898 6 2942 2945
2899 6 2943 2946
2900 6 2943 2947
2901 4 2948 2949
2902 6 2948 2950
2903 6 2948 2951
2904 6 2949 2952
2905 6 2949 2953
2906 4 2954 2955
2907 6 2954 2956
2908 6 2954 2957
2909 6 2955 2958
2910 6 2955 2959
2911 4 2960 2961
2912 6 2960 2962
2913 6 2960 2963
2914 6 2961 2964
2915 6 2961 2965
2916 4 2966 2967
2917 6 2966 2968
2918 6 2966 2969
2919 6 2967 2970
2920 6 2967 2971
2921 4 2972 2973
2922 6 2972 2974
2923 6 2972 2975
2924 6 2973 2976
2925 6 2973 2977
2926 4 2978 2979
2927 6 2978 2980
2928 6 2978 2981
2929 6 2979 2982
2930 6 2979 2983
2931 4 2984 2985
2932 6 2984 2986
2933 6 2984 2987
2934 6 2985 2988
2935 6 2985 2989
2936 4 2990 2991
2937 6 2990 2992
2938 6 2990 2993
2939 6 2991 2994
2940 6 2991 2995
2941 4 2996 2997
2942 6 2996 2998
2943 6 2996 2999
2944 6 2997 3000
2945 6 2997 3001
2946 4 3002 3003
2947 6 3002 3004
2948 6 3002 3005
2949 6 3003 3006
2950 6 3003 3007
2951 4 3008 3009
2952 6 3008 3010
2953 6 3008 3011
2954 6 3009 3012
2955 6 3009 3013
2956 3 3014 3015
2957 6 3014 3016
2958 6 3014 3017
2959 5 3015 3018
2960 5 3015 3019
2961 5 3015 3020
2962 4 2720 2726
2963 4 2727 2732
2964 4 2733 2738
2965 4 2739 2744
2966 4 2745 2750
2967 4 2751 2756
2968 4 2757 2762
2969 4 2763 2768
2970 4 2769 2774
2971 4 2775 2780
2972 4 2781 2786
2973 4 2787 2792
2974 4 2793 2798
2975 4 2799 2804
2976 4 2805 2810
2977 4 2811 2816
2978 4 2817 2822
2979 4 2823 2828
2980 4 2829 2834
2981 4 2835 2840
2982 4 2841 2846
2983 4 2847 2852
2984 4 2853 2858
2985 4 2859 2864
2986 4 2865 2870
2987 4 2871 2876
2988 4 2877 2882
2989 4 2883 2888
2990 4 2889 2894
2991 4 2895 2900
2992 4 2901 2906
2993 4 2907 2912
2994 4 2913 2918
2995 4 2919 2924
2996 4 2925 2930
2997 4 2931 2936
2998 4 2937 2942
2999 4 2943 2948
3000 4 2949 2954
3001 4 2955 2960
3002 4 2961 2966
3003 4 2967 2972
3004 4 2973 2978
3005 4 2979 2984
3006 4 2985 2990
3007 4 2991 2996
3008 4 2997 3002
3009 4 3003 3008
3010 4 3009 3014
