	1	1	2
	2	1	3
	3	1	4
	4	1	5
	5	2	6
	6	2	7
	7	8	9
	8	8	10
	9	8	11
	10	9	12
	11	9	13
	12	14	15
	13	14	16
	14	14	17
	15	15	18
	16	15	19
	17	20	21
	18	20	22
	19	20	23
	20	21	24
	21	21	25
	22	26	27
	23	26	28
	24	26	29
	25	27	30
	26	27	31
	27	32	33
	28	32	34
	29	32	35
	30	33	36
	31	33	37
	32	38	39
	33	38	40
	34	38	41
	35	39	42
	36	39	43
	37	44	45
	38	44	46
	39	44	47
	40	45	48
	41	45	49
	42	50	51
	43	50	52
	44	50	53
	45	51	54
	46	51	55
	47	56	57
	48	56	58
	49	56	59
	50	57	60
	51	57	61
	52	62	63
	53	62	64
	54	62	65
	55	63	66
	56	63	67
	57	68	69
	58	68	70
	59	68	71
	60	69	72
	61	69	73
	62	74	75
	63	74	76
	64	74	77
	65	75	78
	66	75	79
	67	80	81
	68	80	82
	69	80	83
	70	81	84
	71	81	85
	72	86	87
	73	86	88
	74	86	89
	75	87	90
	76	87	91
	77	92	93
	78	92	94
	79	92	95
	80	93	96
	81	93	97
	82	98	99
	83	98	100
	84	98	101
	85	99	102
	86	99	103
	87	104	105
	88	104	106
	89	104	107
	90	105	108
	91	105	109
	92	110	111
	93	110	112
	94	110	113
	95	111	114
	96	111	115
	97	116	117
	98	116	118
	99	116	119
	100	117	120
	101	117	121
	102	122	123
	103	122	124
	104	122	125
	105	123	126
	106	123	127
	107	128	129
	108	128	130
	109	128	131
	110	129	132
	111	129	133
	112	134	135
	113	134	136
	114	134	137
	115	135	138
	116	135	139
	117	140	141
	118	140	142
	119	140	143
	120	141	144
	121	141	145
	122	146	147
	123	146	148
	124	146	149
	125	147	150
	126	147	151
	127	152	153
	128	152	154
	129	152	155
	130	153	156
	131	153	157
	132	158	159
	133	158	160
	134	158	161
	135	159	162
	136	159	163
	137	164	165
	138	164	166
	139	164	167
	140	165	168
	141	165	169
	142	170	171
	143	170	172
	144	170	173
	145	171	174
	146	171	175
	147	176	177
	148	176	178
	149	176	179
	150	177	180
	151	177	181
	152	182	183
	153	182	184
	154	182	185
	155	183	186
	156	183	187
	157	188	189
	158	188	190
	159	188	191
	160	189	192
	161	189	193
	162	194	195
	163	194	196
	164	194	197
	165	195	198
	166	195	199
	167	200	201
	168	200	202
	169	200	203
	170	201	204
	171	201	205
	172	206	207
	173	206	208
	174	206	209
	175	207	210
	176	207	211
	177	212	213
	178	212	214
	179	212	215
	180	213	216
	181	213	217
	182	218	219
	183	218	220
	184	218	221
	185	219	222
	186	219	223
	187	224	225
	188	224	226
	189	224	227
	190	225	228
	191	225	229
	192	230	231
	193	230	232
	194	230	233
	195	231	234
	196	231	235
	197	236	237
	198	236	238
	199	236	239
	200	237	240
	201	237	241
	202	242	243
	203	242	244
	204	242	245
	205	243	246
	206	243	247
	207	248	249
	208	248	250
	209	248	251
	210	249	252
	211	249	253
	212	254	255
	213	254	256
	214	254	257
	215	255	258
	216	255	259
	217	260	261
	218	260	262
	219	260	263
	220	261	264
	221	261	265
	222	266	267
	223	266	268
	224	266	269
	225	267	270
	226	267	271
	227	272	273
	228	272	274
	229	272	275
	230	273	276
	231	273	277
	232	278	279
	233	278	280
	234	278	281
	235	279	282
	236	279	283
	237	284	285
	238	284	286
	239	284	287
	240	285	288
	241	285	289
	242	290	291
	243	290	292
	244	290	293
	245	291	294
	246	291	295
	247	296	297
	248	296	298
	249	296	299
	250	297	300
	251	297	301
	252	297	302
      253  2  8
      254  9  14
      255  15  20
      256  21  26
      257  27  32
      258  33  38
      259  39  44
      260  45  50
      261  51  56
      262  57  62
      263  63  68
      264  69  74
      265  75  80
      266  81  86
      267  87  92
      268  93  98
      269  99  104
      270  105  110
      271  111  116
      272  117  122
      273  123  128
      274  129  134
      275  135  140
      276  141  146
      277  147  152
      278  153  158
      279  159  164
      280  165  170
      281  171  176
      282  177  182
      283  183  188
      284  189  194
      285  195  200
      286  201  206
      287  207  212
      288  213  218
      289  219  224
      290  225  230
      291  231  236
      292  237  242
      293  243  248
      294  249  254
      295  255  260
      296  261  266
      297  267  272
      298  273  278
      299  279  284
      300  285  290
      301  291  296
	302	303	304
	303	303	305
	304	303	306
	305	303	307
	306	304	308
	307	304	309
	308	310	311
	309	310	312
	310	310	313
	311	311	314
	312	311	315
	313	316	317
	314	316	318
	315	316	319
	316	317	320
	317	317	321
	318	322	323
	319	322	324
	320	322	325
	321	323	326
	322	323	327
	323	328	329
	324	328	330
	325	328	331
	326	329	332
	327	329	333
	328	334	335
	329	334	336
	330	334	337
	331	335	338
	332	335	339
	333	340	341
	334	340	342
	335	340	343
	336	341	344
	337	341	345
	338	346	347
	339	346	348
	340	346	349
	341	347	350
	342	347	351
	343	352	353
	344	352	354
	345	352	355
	346	353	356
	347	353	357
	348	358	359
	349	358	360
	350	358	361
	351	359	362
	352	359	363
	353	364	365
	354	364	366
	355	364	367
	356	365	368
	357	365	369
	358	370	371
	359	370	372
	360	370	373
	361	371	374
	362	371	375
	363	376	377
	364	376	378
	365	376	379
	366	377	380
	367	377	381
	368	382	383
	369	382	384
	370	382	385
	371	383	386
	372	383	387
	373	388	389
	374	388	390
	375	388	391
	376	389	392
	377	389	393
	378	394	395
	379	394	396
	380	394	397
	381	395	398
	382	395	399
	383	400	401
	384	400	402
	385	400	403
	386	401	404
	387	401	405
	388	406	407
	389	406	408
	390	406	409
	391	407	410
	392	407	411
	393	412	413
	394	412	414
	395	412	415
	396	413	416
	397	413	417
	398	418	419
	399	418	420
	400	418	421
	401	419	422
	402	419	423
	403	424	425
	404	424	426
	405	424	427
	406	425	428
	407	425	429
	408	430	431
	409	430	432
	410	430	433
	411	431	434
	412	431	435
	413	436	437
	414	436	438
	415	436	439
	416	437	440
	417	437	441
	418	442	443
	419	442	444
	420	442	445
	421	443	446
	422	443	447
	423	448	449
	424	448	450
	425	448	451
	426	449	452
	427	449	453
	428	454	455
	429	454	456
	430	454	457
	431	455	458
	432	455	459
	433	460	461
	434	460	462
	435	460	463
	436	461	464
	437	461	465
	438	466	467
	439	466	468
	440	466	469
	441	467	470
	442	467	471
	443	472	473
	444	472	474
	445	472	475
	446	473	476
	447	473	477
	448	478	479
	449	478	480
	450	478	481
	451	479	482
	452	479	483
	453	484	485
	454	484	486
	455	484	487
	456	485	488
	457	485	489
	458	490	491
	459	490	492
	460	490	493
	461	491	494
	462	491	495
	463	496	497
	464	496	498
	465	496	499
	466	497	500
	467	497	501
	468	502	503
	469	502	504
	470	502	505
	471	503	506
	472	503	507
	473	508	509
	474	508	510
	475	508	511
	476	509	512
	477	509	513
	478	514	515
	479	514	516
	480	514	517
	481	515	518
	482	515	519
	483	520	521
	484	520	522
	485	520	523
	486	521	524
	487	521	525
	488	526	527
	489	526	528
	490	526	529
	491	527	530
	492	527	531
	493	532	533
	494	532	534
	495	532	535
	496	533	536
	497	533	537
	498	538	539
	499	538	540
	500	538	541
	501	539	542
	502	539	543
	503	544	545
	504	544	546
	505	544	547
	506	545	548
	507	545	549
	508	550	551
	509	550	552
	510	550	553
	511	551	554
	512	551	555
	513	556	557
	514	556	558
	515	556	559
	516	557	560
	517	557	561
	518	562	563
	519	562	564
	520	562	565
	521	563	566
	522	563	567
	523	568	569
	524	568	570
	525	568	571
	526	569	572
	527	569	573
	528	574	575
	529	574	576
	530	574	577
	531	575	578
	532	575	579
	533	580	581
	534	580	582
	535	580	583
	536	581	584
	537	581	585
	538	586	587
	539	586	588
	540	586	589
	541	587	590
	542	587	591
	543	592	593
	544	592	594
	545	592	595
	546	593	596
	547	593	597
	548	598	599
	549	598	600
	550	598	601
	551	599	602
	552	599	603
	553	599	604
      554  304  310
      555  311  316
      556  317  322
      557  323  328
      558  329  334
      559  335  340
      560  341  346
      561  347  352
      562  353  358
      563  359  364
      564  365  370
      565  371  376
      566  377  382
      567  383  388
      568  389  394
      569  395  400
      570  401  406
      571  407  412
      572  413  418
      573  419  424
      574  425  430
      575  431  436
      576  437  442
      577  443  448
      578  449  454
      579  455  460
      580  461  466
      581  467  472
      582  473  478
      583  479  484
      584  485  490
      585  491  496
      586  497  502
      587  503  508
      588  509  514
      589  515  520
      590  521  526
      591  527  532
      592  533  538
      593  539  544
      594  545  550
      595  551  556
      596  557  562
      597  563  568
      598  569  574
      599  575  580
      600  581  586
      601  587  592
      602  593  598
	603	605	606
	604	605	607
	605	605	608
	606	605	609
	607	606	610
	608	606	611
	609	612	613
	610	612	614
	611	612	615
	612	613	616
	613	613	617
	614	618	619
	615	618	620
	616	618	621
	617	619	622
	618	619	623
	619	624	625
	620	624	626
	621	624	627
	622	625	628
	623	625	629
	624	630	631
	625	630	632
	626	630	633
	627	631	634
	628	631	635
	629	636	637
	630	636	638
	631	636	639
	632	637	640
	633	637	641
	634	642	643
	635	642	644
	636	642	645
	637	643	646
	638	643	647
	639	648	649
	640	648	650
	641	648	651
	642	649	652
	643	649	653
	644	654	655
	645	654	656
	646	654	657
	647	655	658
	648	655	659
	649	660	661
	650	660	662
	651	660	663
	652	661	664
	653	661	665
	654	666	667
	655	666	668
	656	666	669
	657	667	670
	658	667	671
	659	672	673
	660	672	674
	661	672	675
	662	673	676
	663	673	677
	664	678	679
	665	678	680
	666	678	681
	667	679	682
	668	679	683
	669	684	685
	670	684	686
	671	684	687
	672	685	688
	673	685	689
	674	690	691
	675	690	692
	676	690	693
	677	691	694
	678	691	695
	679	696	697
	680	696	698
	681	696	699
	682	697	700
	683	697	701
	684	702	703
	685	702	704
	686	702	705
	687	703	706
	688	703	707
	689	708	709
	690	708	710
	691	708	711
	692	709	712
	693	709	713
	694	714	715
	695	714	716
	696	714	717
	697	715	718
	698	715	719
	699	720	721
	700	720	722
	701	720	723
	702	721	724
	703	721	725
	704	726	727
	705	726	728
	706	726	729
	707	727	730
	708	727	731
	709	732	733
	710	732	734
	711	732	735
	712	733	736
	713	733	737
	714	738	739
	715	738	740
	716	738	741
	717	739	742
	718	739	743
	719	744	745
	720	744	746
	721	744	747
	722	745	748
	723	745	749
	724	750	751
	725	750	752
	726	750	753
	727	751	754
	728	751	755
	729	756	757
	730	756	758
	731	756	759
	732	757	760
	733	757	761
	734	762	763
	735	762	764
	736	762	765
	737	763	766
	738	763	767
	739	768	769
	740	768	770
	741	768	771
	742	769	772
	743	769	773
	744	774	775
	745	774	776
	746	774	777
	747	775	778
	748	775	779
	749	780	781
	750	780	782
	751	780	783
	752	781	784
	753	781	785
	754	786	787
	755	786	788
	756	786	789
	757	787	790
	758	787	791
	759	792	793
	760	792	794
	761	792	795
	762	793	796
	763	793	797
	764	798	799
	765	798	800
	766	798	801
	767	799	802
	768	799	803
	769	804	805
	770	804	806
	771	804	807
	772	805	808
	773	805	809
	774	810	811
	775	810	812
	776	810	813
	777	811	814
	778	811	815
	779	816	817
	780	816	818
	781	816	819
	782	817	820
	783	817	821
	784	822	823
	785	822	824
	786	822	825
	787	823	826
	788	823	827
	789	828	829
	790	828	830
	791	828	831
	792	829	832
	793	829	833
	794	834	835
	795	834	836
	796	834	837
	797	835	838
	798	835	839
	799	840	841
	800	840	842
	801	840	843
	802	841	844
	803	841	845
	804	846	847
	805	846	848
	806	846	849
	807	847	850
	808	847	851
	809	852	853
	810	852	854
	811	852	855
	812	853	856
	813	853	857
	814	858	859
	815	858	860
	816	858	861
	817	859	862
	818	859	863
	819	864	865
	820	864	866
	821	864	867
	822	865	868
	823	865	869
	824	870	871
	825	870	872
	826	870	873
	827	871	874
	828	871	875
	829	876	877
	830	876	878
	831	876	879
	832	877	880
	833	877	881
	834	882	883
	835	882	884
	836	882	885
	837	883	886
	838	883	887
	839	888	889
	840	888	890
	841	888	891
	842	889	892
	843	889	893
	844	894	895
	845	894	896
	846	894	897
	847	895	898
	848	895	899
	849	900	901
	850	900	902
	851	900	903
	852	901	904
	853	901	905
	854	901	906
      855  606  612
      856  613  618
      857  619  624
      858  625  630
      859  631  636
      860  637  642
      861  643  648
      862  649  654
      863  655  660
      864  661  666
      865  667  672
      866  673  678
      867  679  684
      868  685  690
      869  691  696
      870  697  702
      871  703  708
      872  709  714
      873  715  720
      874  721  726
      875  727  732
      876  733  738
      877  739  744
      878  745  750
      879  751  756
      880  757  762
      881  763  768
      882  769  774
      883  775  780
      884  781  786
      885  787  792
      886  793  798
      887  799  804
      888  805  810
      889  811  816
      890  817  822
      891  823  828
      892  829  834
      893  835  840
      894  841  846
      895  847  852
      896  853  858
      897  859  864
      898  865  870
      899  871  876
      900  877  882
      901  883  888
      902  889  894
      903  895  900
	904	907	908
	905	907	909
	906	907	910
	907	907	911
	908	908	912
	909	908	913
	910	914	915
	911	914	916
	912	914	917
	913	915	918
	914	915	919
	915	920	921
	916	920	922
	917	920	923
	918	921	924
	919	921	925
	920	926	927
	921	926	928
	922	926	929
	923	927	930
	924	927	931
	925	932	933
	926	932	934
	927	932	935
	928	933	936
	929	933	937
	930	938	939
	931	938	940
	932	938	941
	933	939	942
	934	939	943
	935	944	945
	936	944	946
	937	944	947
	938	945	948
	939	945	949
	940	950	951
	941	950	952
	942	950	953
	943	951	954
	944	951	955
	945	956	957
	946	956	958
	947	956	959
	948	957	960
	949	957	961
	950	962	963
	951	962	964
	952	962	965
	953	963	966
	954	963	967
	955	968	969
	956	968	970
	957	968	971
	958	969	972
	959	969	973
	960	974	975
	961	974	976
	962	974	977
	963	975	978
	964	975	979
	965	980	981
	966	980	982
	967	980	983
	968	981	984
	969	981	985
	970	986	987
	971	986	988
	972	986	989
	973	987	990
	974	987	991
	975	992	993
	976	992	994
	977	992	995
	978	993	996
	979	993	997
	980	998	999
	981	998	1000
	982	998	1001
	983	999	1002
	984	999	1003
	985	1004	1005
	986	1004	1006
	987	1004	1007
	988	1005	1008
	989	1005	1009
	990	1010	1011
	991	1010	1012
	992	1010	1013
	993	1011	1014
	994	1011	1015
	995	1016	1017
	996	1016	1018
	997	1016	1019
	998	1017	1020
	999	1017	1021
	1000	1022	1023
	1001	1022	1024
	1002	1022	1025
	1003	1023	1026
	1004	1023	1027
	1005	1028	1029
	1006	1028	1030
	1007	1028	1031
	1008	1029	1032
	1009	1029	1033
	1010	1034	1035
	1011	1034	1036
	1012	1034	1037
	1013	1035	1038
	1014	1035	1039
	1015	1040	1041
	1016	1040	1042
	1017	1040	1043
	1018	1041	1044
	1019	1041	1045
	1020	1046	1047
	1021	1046	1048
	1022	1046	1049
	1023	1047	1050
	1024	1047	1051
	1025	1052	1053
	1026	1052	1054
	1027	1052	1055
	1028	1053	1056
	1029	1053	1057
	1030	1058	1059
	1031	1058	1060
	1032	1058	1061
	1033	1059	1062
	1034	1059	1063
	1035	1064	1065
	1036	1064	1066
	1037	1064	1067
	1038	1065	1068
	1039	1065	1069
	1040	1070	1071
	1041	1070	1072
	1042	1070	1073
	1043	1071	1074
	1044	1071	1075
	1045	1076	1077
	1046	1076	1078
	1047	1076	1079
	1048	1077	1080
	1049	1077	1081
	1050	1082	1083
	1051	1082	1084
	1052	1082	1085
	1053	1083	1086
	1054	1083	1087
	1055	1088	1089
	1056	1088	1090
	1057	1088	1091
	1058	1089	1092
	1059	1089	1093
	1060	1094	1095
	1061	1094	1096
	1062	1094	1097
	1063	1095	1098
	1064	1095	1099
	1065	1100	1101
	1066	1100	1102
	1067	1100	1103
	1068	1101	1104
	1069	1101	1105
	1070	1106	1107
	1071	1106	1108
	1072	1106	1109
	1073	1107	1110
	1074	1107	1111
	1075	1112	1113
	1076	1112	1114
	1077	1112	1115
	1078	1113	1116
	1079	1113	1117
	1080	1118	1119
	1081	1118	1120
	1082	1118	1121
	1083	1119	1122
	1084	1119	1123
	1085	1124	1125
	1086	1124	1126
	1087	1124	1127
	1088	1125	1128
	1089	1125	1129
	1090	1130	1131
	1091	1130	1132
	1092	1130	1133
	1093	1131	1134
	1094	1131	1135
	1095	1136	1137
	1096	1136	1138
	1097	1136	1139
	1098	1137	1140
	1099	1137	1141
	1100	1142	1143
	1101	1142	1144
	1102	1142	1145
	1103	1143	1146
	1104	1143	1147
	1105	1148	1149
	1106	1148	1150
	1107	1148	1151
	1108	1149	1152
	1109	1149	1153
	1110	1154	1155
	1111	1154	1156
	1112	1154	1157
	1113	1155	1158
	1114	1155	1159
	1115	1160	1161
	1116	1160	1162
	1117	1160	1163
	1118	1161	1164
	1119	1161	1165
	1120	1166	1167
	1121	1166	1168
	1122	1166	1169
	1123	1167	1170
	1124	1167	1171
	1125	1172	1173
	1126	1172	1174
	1127	1172	1175
	1128	1173	1176
	1129	1173	1177
	1130	1178	1179
	1131	1178	1180
	1132	1178	1181
	1133	1179	1182
	1134	1179	1183
	1135	1184	1185
	1136	1184	1186
	1137	1184	1187
	1138	1185	1188
	1139	1185	1189
	1140	1190	1191
	1141	1190	1192
	1142	1190	1193
	1143	1191	1194
	1144	1191	1195
	1145	1196	1197
	1146	1196	1198
	1147	1196	1199
	1148	1197	1200
	1149	1197	1201
	1150	1202	1203
	1151	1202	1204
	1152	1202	1205
	1153	1203	1206
	1154	1203	1207
	1155	1203	1208
      1156  908  914
      1157  915  920
      1158  921  926
      1159  927  932
      1160  933  938
      1161  939  944
      1162  945  950
      1163  951  956
      1164  957  962
      1165  963  968
      1166  969  974
      1167  975  980
      1168  981  986
      1169  987  992
      1170  993  998
      1171  999  1004
      1172  1005  1010
      1173  1011  1016
      1174  1017  1022
      1175  1023  1028
      1176  1029  1034
      1177  1035  1040
      1178  1041  1046
      1179  1047  1052
      1180  1053  1058
      1181  1059  1064
      1182  1065  1070
      1183  1071  1076
      1184  1077  1082
      1185  1083  1088
      1186  1089  1094
      1187  1095  1100
      1188  1101  1106
      1189  1107  1112
      1190  1113  1118
      1191  1119  1124
      1192  1125  1130
      1193  1131  1136
      1194  1137  1142
      1195  1143  1148
      1196  1149  1154
      1197  1155  1160
      1198  1161  1166
      1199  1167  1172
      1200  1173  1178
      1201  1179  1184
      1202  1185  1190
      1203  1191  1196
      1204  1197  1202
	1205	1209	1210
	1206	1209	1211
	1207	1209	1212
	1208	1209	1213
	1209	1210	1214
	1210	1210	1215
	1211	1216	1217
	1212	1216	1218
	1213	1216	1219
	1214	1217	1220
	1215	1217	1221
	1216	1222	1223
	1217	1222	1224
	1218	1222	1225
	1219	1223	1226
	1220	1223	1227
	1221	1228	1229
	1222	1228	1230
	1223	1228	1231
	1224	1229	1232
	1225	1229	1233
	1226	1234	1235
	1227	1234	1236
	1228	1234	1237
	1229	1235	1238
	1230	1235	1239
	1231	1240	1241
	1232	1240	1242
	1233	1240	1243
	1234	1241	1244
	1235	1241	1245
	1236	1246	1247
	1237	1246	1248
	1238	1246	1249
	1239	1247	1250
	1240	1247	1251
	1241	1252	1253
	1242	1252	1254
	1243	1252	1255
	1244	1253	1256
	1245	1253	1257
	1246	1258	1259
	1247	1258	1260
	1248	1258	1261
	1249	1259	1262
	1250	1259	1263
	1251	1264	1265
	1252	1264	1266
	1253	1264	1267
	1254	1265	1268
	1255	1265	1269
	1256	1270	1271
	1257	1270	1272
	1258	1270	1273
	1259	1271	1274
	1260	1271	1275
	1261	1276	1277
	1262	1276	1278
	1263	1276	1279
	1264	1277	1280
	1265	1277	1281
	1266	1282	1283
	1267	1282	1284
	1268	1282	1285
	1269	1283	1286
	1270	1283	1287
	1271	1288	1289
	1272	1288	1290
	1273	1288	1291
	1274	1289	1292
	1275	1289	1293
	1276	1294	1295
	1277	1294	1296
	1278	1294	1297
	1279	1295	1298
	1280	1295	1299
	1281	1300	1301
	1282	1300	1302
	1283	1300	1303
	1284	1301	1304
	1285	1301	1305
	1286	1306	1307
	1287	1306	1308
	1288	1306	1309
	1289	1307	1310
	1290	1307	1311
	1291	1312	1313
	1292	1312	1314
	1293	1312	1315
	1294	1313	1316
	1295	1313	1317
	1296	1318	1319
	1297	1318	1320
	1298	1318	1321
	1299	1319	1322
	1300	1319	1323
	1301	1324	1325
	1302	1324	1326
	1303	1324	1327
	1304	1325	1328
	1305	1325	1329
	1306	1330	1331
	1307	1330	1332
	1308	1330	1333
	1309	1331	1334
	1310	1331	1335
	1311	1336	1337
	1312	1336	1338
	1313	1336	1339
	1314	1337	1340
	1315	1337	1341
	1316	1342	1343
	1317	1342	1344
	1318	1342	1345
	1319	1343	1346
	1320	1343	1347
	1321	1348	1349
	1322	1348	1350
	1323	1348	1351
	1324	1349	1352
	1325	1349	1353
	1326	1354	1355
	1327	1354	1356
	1328	1354	1357
	1329	1355	1358
	1330	1355	1359
	1331	1360	1361
	1332	1360	1362
	1333	1360	1363
	1334	1361	1364
	1335	1361	1365
	1336	1366	1367
	1337	1366	1368
	1338	1366	1369
	1339	1367	1370
	1340	1367	1371
	1341	1372	1373
	1342	1372	1374
	1343	1372	1375
	1344	1373	1376
	1345	1373	1377
	1346	1378	1379
	1347	1378	1380
	1348	1378	1381
	1349	1379	1382
	1350	1379	1383
	1351	1384	1385
	1352	1384	1386
	1353	1384	1387
	1354	1385	1388
	1355	1385	1389
	1356	1390	1391
	1357	1390	1392
	1358	1390	1393
	1359	1391	1394
	1360	1391	1395
	1361	1396	1397
	1362	1396	1398
	1363	1396	1399
	1364	1397	1400
	1365	1397	1401
	1366	1402	1403
	1367	1402	1404
	1368	1402	1405
	1369	1403	1406
	1370	1403	1407
	1371	1408	1409
	1372	1408	1410
	1373	1408	1411
	1374	1409	1412
	1375	1409	1413
	1376	1414	1415
	1377	1414	1416
	1378	1414	1417
	1379	1415	1418
	1380	1415	1419
	1381	1420	1421
	1382	1420	1422
	1383	1420	1423
	1384	1421	1424
	1385	1421	1425
	1386	1426	1427
	1387	1426	1428
	1388	1426	1429
	1389	1427	1430
	1390	1427	1431
	1391	1432	1433
	1392	1432	1434
	1393	1432	1435
	1394	1433	1436
	1395	1433	1437
	1396	1438	1439
	1397	1438	1440
	1398	1438	1441
	1399	1439	1442
	1400	1439	1443
	1401	1444	1445
	1402	1444	1446
	1403	1444	1447
	1404	1445	1448
	1405	1445	1449
	1406	1450	1451
	1407	1450	1452
	1408	1450	1453
	1409	1451	1454
	1410	1451	1455
	1411	1456	1457
	1412	1456	1458
	1413	1456	1459
	1414	1457	1460
	1415	1457	1461
	1416	1462	1463
	1417	1462	1464
	1418	1462	1465
	1419	1463	1466
	1420	1463	1467
	1421	1468	1469
	1422	1468	1470
	1423	1468	1471
	1424	1469	1472
	1425	1469	1473
	1426	1474	1475
	1427	1474	1476
	1428	1474	1477
	1429	1475	1478
	1430	1475	1479
	1431	1480	1481
	1432	1480	1482
	1433	1480	1483
	1434	1481	1484
	1435	1481	1485
	1436	1486	1487
	1437	1486	1488
	1438	1486	1489
	1439	1487	1490
	1440	1487	1491
	1441	1492	1493
	1442	1492	1494
	1443	1492	1495
	1444	1493	1496
	1445	1493	1497
	1446	1498	1499
	1447	1498	1500
	1448	1498	1501
	1449	1499	1502
	1450	1499	1503
	1451	1504	1505
	1452	1504	1506
	1453	1504	1507
	1454	1505	1508
	1455	1505	1509
	1456	1505	1510
      1457  1210  1216
      1458  1217  1222
      1459  1223  1228
      1460  1229  1234
      1461  1235  1240
      1462  1241  1246
      1463  1247  1252
      1464  1253  1258
      1465  1259  1264
      1466  1265  1270
      1467  1271  1276
      1468  1277  1282
      1469  1283  1288
      1470  1289  1294
      1471  1295  1300
      1472  1301  1306
      1473  1307  1312
      1474  1313  1318
      1475  1319  1324
      1476  1325  1330
      1477  1331  1336
      1478  1337  1342
      1479  1343  1348
      1480  1349  1354
      1481  1355  1360
      1482  1361  1366
      1483  1367  1372
      1484  1373  1378
      1485  1379  1384
      1486  1385  1390
      1487  1391  1396
      1488  1397  1402
      1489  1403  1408
      1490  1409  1414
      1491  1415  1420
      1492  1421  1426
      1493  1427  1432
      1494  1433  1438
      1495  1439  1444
      1496  1445  1450
      1497  1451  1456
      1498  1457  1462
      1499  1463  1468
      1500  1469  1474
      1501  1475  1480
      1502  1481  1486
      1503  1487  1492
      1504  1493  1498
      1505  1499  1504
	1506	1511	1512
	1507	1511	1513
	1508	1511	1514
	1509	1511	1515
	1510	1512	1516
	1511	1512	1517
	1512	1518	1519
	1513	1518	1520
	1514	1518	1521
	1515	1519	1522
	1516	1519	1523
	1517	1524	1525
	1518	1524	1526
	1519	1524	1527
	1520	1525	1528
	1521	1525	1529
	1522	1530	1531
	1523	1530	1532
	1524	1530	1533
	1525	1531	1534
	1526	1531	1535
	1527	1536	1537
	1528	1536	1538
	1529	1536	1539
	1530	1537	1540
	1531	1537	1541
	1532	1542	1543
	1533	1542	1544
	1534	1542	1545
	1535	1543	1546
	1536	1543	1547
	1537	1548	1549
	1538	1548	1550
	1539	1548	1551
	1540	1549	1552
	1541	1549	1553
	1542	1554	1555
	1543	1554	1556
	1544	1554	1557
	1545	1555	1558
	1546	1555	1559
	1547	1560	1561
	1548	1560	1562
	1549	1560	1563
	1550	1561	1564
	1551	1561	1565
	1552	1566	1567
	1553	1566	1568
	1554	1566	1569
	1555	1567	1570
	1556	1567	1571
	1557	1572	1573
	1558	1572	1574
	1559	1572	1575
	1560	1573	1576
	1561	1573	1577
	1562	1578	1579
	1563	1578	1580
	1564	1578	1581
	1565	1579	1582
	1566	1579	1583
	1567	1584	1585
	1568	1584	1586
	1569	1584	1587
	1570	1585	1588
	1571	1585	1589
	1572	1590	1591
	1573	1590	1592
	1574	1590	1593
	1575	1591	1594
	1576	1591	1595
	1577	1596	1597
	1578	1596	1598
	1579	1596	1599
	1580	1597	1600
	1581	1597	1601
	1582	1602	1603
	1583	1602	1604
	1584	1602	1605
	1585	1603	1606
	1586	1603	1607
	1587	1608	1609
	1588	1608	1610
	1589	1608	1611
	1590	1609	1612
	1591	1609	1613
	1592	1614	1615
	1593	1614	1616
	1594	1614	1617
	1595	1615	1618
	1596	1615	1619
	1597	1620	1621
	1598	1620	1622
	1599	1620	1623
	1600	1621	1624
	1601	1621	1625
	1602	1626	1627
	1603	1626	1628
	1604	1626	1629
	1605	1627	1630
	1606	1627	1631
	1607	1632	1633
	1608	1632	1634
	1609	1632	1635
	1610	1633	1636
	1611	1633	1637
	1612	1638	1639
	1613	1638	1640
	1614	1638	1641
	1615	1639	1642
	1616	1639	1643
	1617	1644	1645
	1618	1644	1646
	1619	1644	1647
	1620	1645	1648
	1621	1645	1649
	1622	1650	1651
	1623	1650	1652
	1624	1650	1653
	1625	1651	1654
	1626	1651	1655
	1627	1656	1657
	1628	1656	1658
	1629	1656	1659
	1630	1657	1660
	1631	1657	1661
	1632	1662	1663
	1633	1662	1664
	1634	1662	1665
	1635	1663	1666
	1636	1663	1667
	1637	1668	1669
	1638	1668	1670
	1639	1668	1671
	1640	1669	1672
	1641	1669	1673
	1642	1674	1675
	1643	1674	1676
	1644	1674	1677
	1645	1675	1678
	1646	1675	1679
	1647	1680	1681
	1648	1680	1682
	1649	1680	1683
	1650	1681	1684
	1651	1681	1685
	1652	1686	1687
	1653	1686	1688
	1654	1686	1689
	1655	1687	1690
	1656	1687	1691
	1657	1692	1693
	1658	1692	1694
	1659	1692	1695
	1660	1693	1696
	1661	1693	1697
	1662	1698	1699
	1663	1698	1700
	1664	1698	1701
	1665	1699	1702
	1666	1699	1703
	1667	1704	1705
	1668	1704	1706
	1669	1704	1707
	1670	1705	1708
	1671	1705	1709
	1672	1710	1711
	1673	1710	1712
	1674	1710	1713
	1675	1711	1714
	1676	1711	1715
	1677	1716	1717
	1678	1716	1718
	1679	1716	1719
	1680	1717	1720
	1681	1717	1721
	1682	1722	1723
	1683	1722	1724
	1684	1722	1725
	1685	1723	1726
	1686	1723	1727
	1687	1728	1729
	1688	1728	1730
	1689	1728	1731
	1690	1729	1732
	1691	1729	1733
	1692	1734	1735
	1693	1734	1736
	1694	1734	1737
	1695	1735	1738
	1696	1735	1739
	1697	1740	1741
	1698	1740	1742
	1699	1740	1743
	1700	1741	1744
	1701	1741	1745
	1702	1746	1747
	1703	1746	1748
	1704	1746	1749
	1705	1747	1750
	1706	1747	1751
	1707	1752	1753
	1708	1752	1754
	1709	1752	1755
	1710	1753	1756
	1711	1753	1757
	1712	1758	1759
	1713	1758	1760
	1714	1758	1761
	1715	1759	1762
	1716	1759	1763
	1717	1764	1765
	1718	1764	1766
	1719	1764	1767
	1720	1765	1768
	1721	1765	1769
	1722	1770	1771
	1723	1770	1772
	1724	1770	1773
	1725	1771	1774
	1726	1771	1775
	1727	1776	1777
	1728	1776	1778
	1729	1776	1779
	1730	1777	1780
	1731	1777	1781
	1732	1782	1783
	1733	1782	1784
	1734	1782	1785
	1735	1783	1786
	1736	1783	1787
	1737	1788	1789
	1738	1788	1790
	1739	1788	1791
	1740	1789	1792
	1741	1789	1793
	1742	1794	1795
	1743	1794	1796
	1744	1794	1797
	1745	1795	1798
	1746	1795	1799
	1747	1800	1801
	1748	1800	1802
	1749	1800	1803
	1750	1801	1804
	1751	1801	1805
	1752	1806	1807
	1753	1806	1808
	1754	1806	1809
	1755	1807	1810
	1756	1807	1811
	1757	1807	1812
      1758  1512  1518
      1759  1519  1524
      1760  1525  1530
      1761  1531  1536
      1762  1537  1542
      1763  1543  1548
      1764  1549  1554
      1765  1555  1560
      1766  1561  1566
      1767  1567  1572
      1768  1573  1578
      1769  1579  1584
      1770  1585  1590
      1771  1591  1596
      1772  1597  1602
      1773  1603  1608
      1774  1609  1614
      1775  1615  1620
      1776  1621  1626
      1777  1627  1632
      1778  1633  1638
      1779  1639  1644
      1780  1645  1650
      1781  1651  1656
      1782  1657  1662
      1783  1663  1668
      1784  1669  1674
      1785  1675  1680
      1786  1681  1686
      1787  1687  1692
      1788  1693  1698
      1789  1699  1704
      1790  1705  1710
      1791  1711  1716
      1792  1717  1722
      1793  1723  1728
      1794  1729  1734
      1795  1735  1740
      1796  1741  1746
      1797  1747  1752
      1798  1753  1758
      1799  1759  1764
      1800  1765  1770
      1801  1771  1776
      1802  1777  1782
      1803  1783  1788
      1804  1789  1794
      1805  1795  1800
      1806  1801  1806
	1807	1813	1814
	1808	1813	1815
	1809	1813	1816
	1810	1813	1817
	1811	1814	1818
	1812	1814	1819
	1813	1820	1821
	1814	1820	1822
	1815	1820	1823
	1816	1821	1824
	1817	1821	1825
	1818	1826	1827
	1819	1826	1828
	1820	1826	1829
	1821	1827	1830
	1822	1827	1831
	1823	1832	1833
	1824	1832	1834
	1825	1832	1835
	1826	1833	1836
	1827	1833	1837
	1828	1838	1839
	1829	1838	1840
	1830	1838	1841
	1831	1839	1842
	1832	1839	1843
	1833	1844	1845
	1834	1844	1846
	1835	1844	1847
	1836	1845	1848
	1837	1845	1849
	1838	1850	1851
	1839	1850	1852
	1840	1850	1853
	1841	1851	1854
	1842	1851	1855
	1843	1856	1857
	1844	1856	1858
	1845	1856	1859
	1846	1857	1860
	1847	1857	1861
	1848	1862	1863
	1849	1862	1864
	1850	1862	1865
	1851	1863	1866
	1852	1863	1867
	1853	1868	1869
	1854	1868	1870
	1855	1868	1871
	1856	1869	1872
	1857	1869	1873
	1858	1874	1875
	1859	1874	1876
	1860	1874	1877
	1861	1875	1878
	1862	1875	1879
	1863	1880	1881
	1864	1880	1882
	1865	1880	1883
	1866	1881	1884
	1867	1881	1885
	1868	1886	1887
	1869	1886	1888
	1870	1886	1889
	1871	1887	1890
	1872	1887	1891
	1873	1892	1893
	1874	1892	1894
	1875	1892	1895
	1876	1893	1896
	1877	1893	1897
	1878	1898	1899
	1879	1898	1900
	1880	1898	1901
	1881	1899	1902
	1882	1899	1903
	1883	1904	1905
	1884	1904	1906
	1885	1904	1907
	1886	1905	1908
	1887	1905	1909
	1888	1910	1911
	1889	1910	1912
	1890	1910	1913
	1891	1911	1914
	1892	1911	1915
	1893	1916	1917
	1894	1916	1918
	1895	1916	1919
	1896	1917	1920
	1897	1917	1921
	1898	1922	1923
	1899	1922	1924
	1900	1922	1925
	1901	1923	1926
	1902	1923	1927
	1903	1928	1929
	1904	1928	1930
	1905	1928	1931
	1906	1929	1932
	1907	1929	1933
	1908	1934	1935
	1909	1934	1936
	1910	1934	1937
	1911	1935	1938
	1912	1935	1939
	1913	1940	1941
	1914	1940	1942
	1915	1940	1943
	1916	1941	1944
	1917	1941	1945
	1918	1946	1947
	1919	1946	1948
	1920	1946	1949
	1921	1947	1950
	1922	1947	1951
	1923	1952	1953
	1924	1952	1954
	1925	1952	1955
	1926	1953	1956
	1927	1953	1957
	1928	1958	1959
	1929	1958	1960
	1930	1958	1961
	1931	1959	1962
	1932	1959	1963
	1933	1964	1965
	1934	1964	1966
	1935	1964	1967
	1936	1965	1968
	1937	1965	1969
	1938	1970	1971
	1939	1970	1972
	1940	1970	1973
	1941	1971	1974
	1942	1971	1975
	1943	1976	1977
	1944	1976	1978
	1945	1976	1979
	1946	1977	1980
	1947	1977	1981
	1948	1982	1983
	1949	1982	1984
	1950	1982	1985
	1951	1983	1986
	1952	1983	1987
	1953	1988	1989
	1954	1988	1990
	1955	1988	1991
	1956	1989	1992
	1957	1989	1993
	1958	1994	1995
	1959	1994	1996
	1960	1994	1997
	1961	1995	1998
	1962	1995	1999
	1963	2000	2001
	1964	2000	2002
	1965	2000	2003
	1966	2001	2004
	1967	2001	2005
	1968	2006	2007
	1969	2006	2008
	1970	2006	2009
	1971	2007	2010
	1972	2007	2011
	1973	2012	2013
	1974	2012	2014
	1975	2012	2015
	1976	2013	2016
	1977	2013	2017
	1978	2018	2019
	1979	2018	2020
	1980	2018	2021
	1981	2019	2022
	1982	2019	2023
	1983	2024	2025
	1984	2024	2026
	1985	2024	2027
	1986	2025	2028
	1987	2025	2029
	1988	2030	2031
	1989	2030	2032
	1990	2030	2033
	1991	2031	2034
	1992	2031	2035
	1993	2036	2037
	1994	2036	2038
	1995	2036	2039
	1996	2037	2040
	1997	2037	2041
	1998	2042	2043
	1999	2042	2044
	2000	2042	2045
	2001	2043	2046
	2002	2043	2047
	2003	2048	2049
	2004	2048	2050
	2005	2048	2051
	2006	2049	2052
	2007	2049	2053
	2008	2054	2055
	2009	2054	2056
	2010	2054	2057
	2011	2055	2058
	2012	2055	2059
	2013	2060	2061
	2014	2060	2062
	2015	2060	2063
	2016	2061	2064
	2017	2061	2065
	2018	2066	2067
	2019	2066	2068
	2020	2066	2069
	2021	2067	2070
	2022	2067	2071
	2023	2072	2073
	2024	2072	2074
	2025	2072	2075
	2026	2073	2076
	2027	2073	2077
	2028	2078	2079
	2029	2078	2080
	2030	2078	2081
	2031	2079	2082
	2032	2079	2083
	2033	2084	2085
	2034	2084	2086
	2035	2084	2087
	2036	2085	2088
	2037	2085	2089
	2038	2090	2091
	2039	2090	2092
	2040	2090	2093
	2041	2091	2094
	2042	2091	2095
	2043	2096	2097
	2044	2096	2098
	2045	2096	2099
	2046	2097	2100
	2047	2097	2101
	2048	2102	2103
	2049	2102	2104
	2050	2102	2105
	2051	2103	2106
	2052	2103	2107
	2053	2108	2109
	2054	2108	2110
	2055	2108	2111
	2056	2109	2112
	2057	2109	2113
	2058	2109	2114
      2059  1814  1820
      2060  1821  1826
      2061  1827  1832
      2062  1833  1838
      2063  1839  1844
      2064  1845  1850
      2065  1851  1856
      2066  1857  1862
      2067  1863  1868
      2068  1869  1874
      2069  1875  1880
      2070  1881  1886
      2071  1887  1892
      2072  1893  1898
      2073  1899  1904
      2074  1905  1910
      2075  1911  1916
      2076  1917  1922
      2077  1923  1928
      2078  1929  1934
      2079  1935  1940
      2080  1941  1946
      2081  1947  1952
      2082  1953  1958
      2083  1959  1964
      2084  1965  1970
      2085  1971  1976
      2086  1977  1982
      2087  1983  1988
      2088  1989  1994
      2089  1995  2000
      2090  2001  2006
      2091  2007  2012
      2092  2013  2018
      2093  2019  2024
      2094  2025  2030
      2095  2031  2036
      2096  2037  2042
      2097  2043  2048
      2098  2049  2054
      2099  2055  2060
      2100  2061  2066
      2101  2067  2072
      2102  2073  2078
      2103  2079  2084
      2104  2085  2090
      2105  2091  2096
      2106  2097  2102
      2107  2103  2108
	2108	2115	2116
	2109	2115	2117
	2110	2115	2118
	2111	2115	2119
	2112	2116	2120
	2113	2116	2121
	2114	2122	2123
	2115	2122	2124
	2116	2122	2125
	2117	2123	2126
	2118	2123	2127
	2119	2128	2129
	2120	2128	2130
	2121	2128	2131
	2122	2129	2132
	2123	2129	2133
	2124	2134	2135
	2125	2134	2136
	2126	2134	2137
	2127	2135	2138
	2128	2135	2139
	2129	2140	2141
	2130	2140	2142
	2131	2140	2143
	2132	2141	2144
	2133	2141	2145
	2134	2146	2147
	2135	2146	2148
	2136	2146	2149
	2137	2147	2150
	2138	2147	2151
	2139	2152	2153
	2140	2152	2154
	2141	2152	2155
	2142	2153	2156
	2143	2153	2157
	2144	2158	2159
	2145	2158	2160
	2146	2158	2161
	2147	2159	2162
	2148	2159	2163
	2149	2164	2165
	2150	2164	2166
	2151	2164	2167
	2152	2165	2168
	2153	2165	2169
	2154	2170	2171
	2155	2170	2172
	2156	2170	2173
	2157	2171	2174
	2158	2171	2175
	2159	2176	2177
	2160	2176	2178
	2161	2176	2179
	2162	2177	2180
	2163	2177	2181
	2164	2182	2183
	2165	2182	2184
	2166	2182	2185
	2167	2183	2186
	2168	2183	2187
	2169	2188	2189
	2170	2188	2190
	2171	2188	2191
	2172	2189	2192
	2173	2189	2193
	2174	2194	2195
	2175	2194	2196
	2176	2194	2197
	2177	2195	2198
	2178	2195	2199
	2179	2200	2201
	2180	2200	2202
	2181	2200	2203
	2182	2201	2204
	2183	2201	2205
	2184	2206	2207
	2185	2206	2208
	2186	2206	2209
	2187	2207	2210
	2188	2207	2211
	2189	2212	2213
	2190	2212	2214
	2191	2212	2215
	2192	2213	2216
	2193	2213	2217
	2194	2218	2219
	2195	2218	2220
	2196	2218	2221
	2197	2219	2222
	2198	2219	2223
	2199	2224	2225
	2200	2224	2226
	2201	2224	2227
	2202	2225	2228
	2203	2225	2229
	2204	2230	2231
	2205	2230	2232
	2206	2230	2233
	2207	2231	2234
	2208	2231	2235
	2209	2236	2237
	2210	2236	2238
	2211	2236	2239
	2212	2237	2240
	2213	2237	2241
	2214	2242	2243
	2215	2242	2244
	2216	2242	2245
	2217	2243	2246
	2218	2243	2247
	2219	2248	2249
	2220	2248	2250
	2221	2248	2251
	2222	2249	2252
	2223	2249	2253
	2224	2254	2255
	2225	2254	2256
	2226	2254	2257
	2227	2255	2258
	2228	2255	2259
	2229	2260	2261
	2230	2260	2262
	2231	2260	2263
	2232	2261	2264
	2233	2261	2265
	2234	2266	2267
	2235	2266	2268
	2236	2266	2269
	2237	2267	2270
	2238	2267	2271
	2239	2272	2273
	2240	2272	2274
	2241	2272	2275
	2242	2273	2276
	2243	2273	2277
	2244	2278	2279
	2245	2278	2280
	2246	2278	2281
	2247	2279	2282
	2248	2279	2283
	2249	2284	2285
	2250	2284	2286
	2251	2284	2287
	2252	2285	2288
	2253	2285	2289
	2254	2290	2291
	2255	2290	2292
	2256	2290	2293
	2257	2291	2294
	2258	2291	2295
	2259	2296	2297
	2260	2296	2298
	2261	2296	2299
	2262	2297	2300
	2263	2297	2301
	2264	2302	2303
	2265	2302	2304
	2266	2302	2305
	2267	2303	2306
	2268	2303	2307
	2269	2308	2309
	2270	2308	2310
	2271	2308	2311
	2272	2309	2312
	2273	2309	2313
	2274	2314	2315
	2275	2314	2316
	2276	2314	2317
	2277	2315	2318
	2278	2315	2319
	2279	2320	2321
	2280	2320	2322
	2281	2320	2323
	2282	2321	2324
	2283	2321	2325
	2284	2326	2327
	2285	2326	2328
	2286	2326	2329
	2287	2327	2330
	2288	2327	2331
	2289	2332	2333
	2290	2332	2334
	2291	2332	2335
	2292	2333	2336
	2293	2333	2337
	2294	2338	2339
	2295	2338	2340
	2296	2338	2341
	2297	2339	2342
	2298	2339	2343
	2299	2344	2345
	2300	2344	2346
	2301	2344	2347
	2302	2345	2348
	2303	2345	2349
	2304	2350	2351
	2305	2350	2352
	2306	2350	2353
	2307	2351	2354
	2308	2351	2355
	2309	2356	2357
	2310	2356	2358
	2311	2356	2359
	2312	2357	2360
	2313	2357	2361
	2314	2362	2363
	2315	2362	2364
	2316	2362	2365
	2317	2363	2366
	2318	2363	2367
	2319	2368	2369
	2320	2368	2370
	2321	2368	2371
	2322	2369	2372
	2323	2369	2373
	2324	2374	2375
	2325	2374	2376
	2326	2374	2377
	2327	2375	2378
	2328	2375	2379
	2329	2380	2381
	2330	2380	2382
	2331	2380	2383
	2332	2381	2384
	2333	2381	2385
	2334	2386	2387
	2335	2386	2388
	2336	2386	2389
	2337	2387	2390
	2338	2387	2391
	2339	2392	2393
	2340	2392	2394
	2341	2392	2395
	2342	2393	2396
	2343	2393	2397
	2344	2398	2399
	2345	2398	2400
	2346	2398	2401
	2347	2399	2402
	2348	2399	2403
	2349	2404	2405
	2350	2404	2406
	2351	2404	2407
	2352	2405	2408
	2353	2405	2409
	2354	2410	2411
	2355	2410	2412
	2356	2410	2413
	2357	2411	2414
	2358	2411	2415
	2359	2411	2416
      2360  2116  2122
      2361  2123  2128
      2362  2129  2134
      2363  2135  2140
      2364  2141  2146
      2365  2147  2152
      2366  2153  2158
      2367  2159  2164
      2368  2165  2170
      2369  2171  2176
      2370  2177  2182
      2371  2183  2188
      2372  2189  2194
      2373  2195  2200
      2374  2201  2206
      2375  2207  2212
      2376  2213  2218
      2377  2219  2224
      2378  2225  2230
      2379  2231  2236
      2380  2237  2242
      2381  2243  2248
      2382  2249  2254
      2383  2255  2260
      2384  2261  2266
      2385  2267  2272
      2386  2273  2278
      2387  2279  2284
      2388  2285  2290
      2389  2291  2296
      2390  2297  2302
      2391  2303  2308
      2392  2309  2314
      2393  2315  2320
      2394  2321  2326
      2395  2327  2332
      2396  2333  2338
      2397  2339  2344
      2398  2345  2350
      2399  2351  2356
      2400  2357  2362
      2401  2363  2368
      2402  2369  2374
      2403  2375  2380
      2404  2381  2386
      2405  2387  2392
      2406  2393  2398
      2407  2399  2404
      2408  2405  2410
	2409	2417	2418
	2410	2417	2419
	2411	2417	2420
	2412	2417	2421
	2413	2418	2422
	2414	2418	2423
	2415	2424	2425
	2416	2424	2426
	2417	2424	2427
	2418	2425	2428
	2419	2425	2429
	2420	2430	2431
	2421	2430	2432
	2422	2430	2433
	2423	2431	2434
	2424	2431	2435
	2425	2436	2437
	2426	2436	2438
	2427	2436	2439
	2428	2437	2440
	2429	2437	2441
	2430	2442	2443
	2431	2442	2444
	2432	2442	2445
	2433	2443	2446
	2434	2443	2447
	2435	2448	2449
	2436	2448	2450
	2437	2448	2451
	2438	2449	2452
	2439	2449	2453
	2440	2454	2455
	2441	2454	2456
	2442	2454	2457
	2443	2455	2458
	2444	2455	2459
	2445	2460	2461
	2446	2460	2462
	2447	2460	2463
	2448	2461	2464
	2449	2461	2465
	2450	2466	2467
	2451	2466	2468
	2452	2466	2469
	2453	2467	2470
	2454	2467	2471
	2455	2472	2473
	2456	2472	2474
	2457	2472	2475
	2458	2473	2476
	2459	2473	2477
	2460	2478	2479
	2461	2478	2480
	2462	2478	2481
	2463	2479	2482
	2464	2479	2483
	2465	2484	2485
	2466	2484	2486
	2467	2484	2487
	2468	2485	2488
	2469	2485	2489
	2470	2490	2491
	2471	2490	2492
	2472	2490	2493
	2473	2491	2494
	2474	2491	2495
	2475	2496	2497
	2476	2496	2498
	2477	2496	2499
	2478	2497	2500
	2479	2497	2501
	2480	2502	2503
	2481	2502	2504
	2482	2502	2505
	2483	2503	2506
	2484	2503	2507
	2485	2508	2509
	2486	2508	2510
	2487	2508	2511
	2488	2509	2512
	2489	2509	2513
	2490	2514	2515
	2491	2514	2516
	2492	2514	2517
	2493	2515	2518
	2494	2515	2519
	2495	2520	2521
	2496	2520	2522
	2497	2520	2523
	2498	2521	2524
	2499	2521	2525
	2500	2526	2527
	2501	2526	2528
	2502	2526	2529
	2503	2527	2530
	2504	2527	2531
	2505	2532	2533
	2506	2532	2534
	2507	2532	2535
	2508	2533	2536
	2509	2533	2537
	2510	2538	2539
	2511	2538	2540
	2512	2538	2541
	2513	2539	2542
	2514	2539	2543
	2515	2544	2545
	2516	2544	2546
	2517	2544	2547
	2518	2545	2548
	2519	2545	2549
	2520	2550	2551
	2521	2550	2552
	2522	2550	2553
	2523	2551	2554
	2524	2551	2555
	2525	2556	2557
	2526	2556	2558
	2527	2556	2559
	2528	2557	2560
	2529	2557	2561
	2530	2562	2563
	2531	2562	2564
	2532	2562	2565
	2533	2563	2566
	2534	2563	2567
	2535	2568	2569
	2536	2568	2570
	2537	2568	2571
	2538	2569	2572
	2539	2569	2573
	2540	2574	2575
	2541	2574	2576
	2542	2574	2577
	2543	2575	2578
	2544	2575	2579
	2545	2580	2581
	2546	2580	2582
	2547	2580	2583
	2548	2581	2584
	2549	2581	2585
	2550	2586	2587
	2551	2586	2588
	2552	2586	2589
	2553	2587	2590
	2554	2587	2591
	2555	2592	2593
	2556	2592	2594
	2557	2592	2595
	2558	2593	2596
	2559	2593	2597
	2560	2598	2599
	2561	2598	2600
	2562	2598	2601
	2563	2599	2602
	2564	2599	2603
	2565	2604	2605
	2566	2604	2606
	2567	2604	2607
	2568	2605	2608
	2569	2605	2609
	2570	2610	2611
	2571	2610	2612
	2572	2610	2613
	2573	2611	2614
	2574	2611	2615
	2575	2616	2617
	2576	2616	2618
	2577	2616	2619
	2578	2617	2620
	2579	2617	2621
	2580	2622	2623
	2581	2622	2624
	2582	2622	2625
	2583	2623	2626
	2584	2623	2627
	2585	2628	2629
	2586	2628	2630
	2587	2628	2631
	2588	2629	2632
	2589	2629	2633
	2590	2634	2635
	2591	2634	2636
	2592	2634	2637
	2593	2635	2638
	2594	2635	2639
	2595	2640	2641
	2596	2640	2642
	2597	2640	2643
	2598	2641	2644
	2599	2641	2645
	2600	2646	2647
	2601	2646	2648
	2602	2646	2649
	2603	2647	2650
	2604	2647	2651
	2605	2652	2653
	2606	2652	2654
	2607	2652	2655
	2608	2653	2656
	2609	2653	2657
	2610	2658	2659
	2611	2658	2660
	2612	2658	2661
	2613	2659	2662
	2614	2659	2663
	2615	2664	2665
	2616	2664	2666
	2617	2664	2667
	2618	2665	2668
	2619	2665	2669
	2620	2670	2671
	2621	2670	2672
	2622	2670	2673
	2623	2671	2674
	2624	2671	2675
	2625	2676	2677
	2626	2676	2678
	2627	2676	2679
	2628	2677	2680
	2629	2677	2681
	2630	2682	2683
	2631	2682	2684
	2632	2682	2685
	2633	2683	2686
	2634	2683	2687
	2635	2688	2689
	2636	2688	2690
	2637	2688	2691
	2638	2689	2692
	2639	2689	2693
	2640	2694	2695
	2641	2694	2696
	2642	2694	2697
	2643	2695	2698
	2644	2695	2699
	2645	2700	2701
	2646	2700	2702
	2647	2700	2703
	2648	2701	2704
	2649	2701	2705
	2650	2706	2707
	2651	2706	2708
	2652	2706	2709
	2653	2707	2710
	2654	2707	2711
	2655	2712	2713
	2656	2712	2714
	2657	2712	2715
	2658	2713	2716
	2659	2713	2717
	2660	2713	2718
      2661  2418  2424
      2662  2425  2430
      2663  2431  2436
      2664  2437  2442
      2665  2443  2448
      2666  2449  2454
      2667  2455  2460
      2668  2461  2466
      2669  2467  2472
      2670  2473  2478
      2671  2479  2484
      2672  2485  2490
      2673  2491  2496
      2674  2497  2502
      2675  2503  2508
      2676  2509  2514
      2677  2515  2520
      2678  2521  2526
      2679  2527  2532
      2680  2533  2538
      2681  2539  2544
      2682  2545  2550
      2683  2551  2556
      2684  2557  2562
      2685  2563  2568
      2686  2569  2574
      2687  2575  2580
      2688  2581  2586
      2689  2587  2592
      2690  2593  2598
      2691  2599  2604
      2692  2605  2610
      2693  2611  2616
      2694  2617  2622
      2695  2623  2628
      2696  2629  2634
      2697  2635  2640
      2698  2641  2646
      2699  2647  2652
      2700  2653  2658
      2701  2659  2664
      2702  2665  2670
      2703  2671  2676
      2704  2677  2682
      2705  2683  2688
      2706  2689  2694
      2707  2695  2700
      2708  2701  2706
      2709  2707  2712
	2710	2719	2720
	2711	2719	2721
	2712	2719	2722
	2713	2719	2723
	2714	2720	2724
	2715	2720	2725
	2716	2726	2727
	2717	2726	2728
	2718	2726	2729
	2719	2727	2730
	2720	2727	2731
	2721	2732	2733
	2722	2732	2734
	2723	2732	2735
	2724	2733	2736
	2725	2733	2737
	2726	2738	2739
	2727	2738	2740
	2728	2738	2741
	2729	2739	2742
	2730	2739	2743
	2731	2744	2745
	2732	2744	2746
	2733	2744	2747
	2734	2745	2748
	2735	2745	2749
	2736	2750	2751
	2737	2750	2752
	2738	2750	2753
	2739	2751	2754
	2740	2751	2755
	2741	2756	2757
	2742	2756	2758
	2743	2756	2759
	2744	2757	2760
	2745	2757	2761
	2746	2762	2763
	2747	2762	2764
	2748	2762	2765
	2749	2763	2766
	2750	2763	2767
	2751	2768	2769
	2752	2768	2770
	2753	2768	2771
	2754	2769	2772
	2755	2769	2773
	2756	2774	2775
	2757	2774	2776
	2758	2774	2777
	2759	2775	2778
	2760	2775	2779
	2761	2780	2781
	2762	2780	2782
	2763	2780	2783
	2764	2781	2784
	2765	2781	2785
	2766	2786	2787
	2767	2786	2788
	2768	2786	2789
	2769	2787	2790
	2770	2787	2791
	2771	2792	2793
	2772	2792	2794
	2773	2792	2795
	2774	2793	2796
	2775	2793	2797
	2776	2798	2799
	2777	2798	2800
	2778	2798	2801
	2779	2799	2802
	2780	2799	2803
	2781	2804	2805
	2782	2804	2806
	2783	2804	2807
	2784	2805	2808
	2785	2805	2809
	2786	2810	2811
	2787	2810	2812
	2788	2810	2813
	2789	2811	2814
	2790	2811	2815
	2791	2816	2817
	2792	2816	2818
	2793	2816	2819
	2794	2817	2820
	2795	2817	2821
	2796	2822	2823
	2797	2822	2824
	2798	2822	2825
	2799	2823	2826
	2800	2823	2827
	2801	2828	2829
	2802	2828	2830
	2803	2828	2831
	2804	2829	2832
	2805	2829	2833
	2806	2834	2835
	2807	2834	2836
	2808	2834	2837
	2809	2835	2838
	2810	2835	2839
	2811	2840	2841
	2812	2840	2842
	2813	2840	2843
	2814	2841	2844
	2815	2841	2845
	2816	2846	2847
	2817	2846	2848
	2818	2846	2849
	2819	2847	2850
	2820	2847	2851
	2821	2852	2853
	2822	2852	2854
	2823	2852	2855
	2824	2853	2856
	2825	2853	2857
	2826	2858	2859
	2827	2858	2860
	2828	2858	2861
	2829	2859	2862
	2830	2859	2863
	2831	2864	2865
	2832	2864	2866
	2833	2864	2867
	2834	2865	2868
	2835	2865	2869
	2836	2870	2871
	2837	2870	2872
	2838	2870	2873
	2839	2871	2874
	2840	2871	2875
	2841	2876	2877
	2842	2876	2878
	2843	2876	2879
	2844	2877	2880
	2845	2877	2881
	2846	2882	2883
	2847	2882	2884
	2848	2882	2885
	2849	2883	2886
	2850	2883	2887
	2851	2888	2889
	2852	2888	2890
	2853	2888	2891
	2854	2889	2892
	2855	2889	2893
	2856	2894	2895
	2857	2894	2896
	2858	2894	2897
	2859	2895	2898
	2860	2895	2899
	2861	2900	2901
	2862	2900	2902
	2863	2900	2903
	2864	2901	2904
	2865	2901	2905
	2866	2906	2907
	2867	2906	2908
	2868	2906	2909
	2869	2907	2910
	2870	2907	2911
	2871	2912	2913
	2872	2912	2914
	2873	2912	2915
	2874	2913	2916
	2875	2913	2917
	2876	2918	2919
	2877	2918	2920
	2878	2918	2921
	2879	2919	2922
	2880	2919	2923
	2881	2924	2925
	2882	2924	2926
	2883	2924	2927
	2884	2925	2928
	2885	2925	2929
	2886	2930	2931
	2887	2930	2932
	2888	2930	2933
	2889	2931	2934
	2890	2931	2935
	2891	2936	2937
	2892	2936	2938
	2893	2936	2939
	2894	2937	2940
	2895	2937	2941
	2896	2942	2943
	2897	2942	2944
	2898	2942	2945
	2899	2943	2946
	2900	2943	2947
	2901	2948	2949
	2902	2948	2950
	2903	2948	2951
	2904	2949	2952
	2905	2949	2953
	2906	2954	2955
	2907	2954	2956
	2908	2954	2957
	2909	2955	2958
	2910	2955	2959
	2911	2960	2961
	2912	2960	2962
	2913	2960	2963
	2914	2961	2964
	2915	2961	2965
	2916	2966	2967
	2917	2966	2968
	2918	2966	2969
	2919	2967	2970
	2920	2967	2971
	2921	2972	2973
	2922	2972	2974
	2923	2972	2975
	2924	2973	2976
	2925	2973	2977
	2926	2978	2979
	2927	2978	2980
	2928	2978	2981
	2929	2979	2982
	2930	2979	2983
	2931	2984	2985
	2932	2984	2986
	2933	2984	2987
	2934	2985	2988
	2935	2985	2989
	2936	2990	2991
	2937	2990	2992
	2938	2990	2993
	2939	2991	2994
	2940	2991	2995
	2941	2996	2997
	2942	2996	2998
	2943	2996	2999
	2944	2997	3000
	2945	2997	3001
	2946	3002	3003
	2947	3002	3004
	2948	3002	3005
	2949	3003	3006
	2950	3003	3007
	2951	3008	3009
	2952	3008	3010
	2953	3008	3011
	2954	3009	3012
	2955	3009	3013
	2956	3014	3015
	2957	3014	3016
	2958	3014	3017
	2959	3015	3018
	2960	3015	3019
	2961	3015	3020
      2962  2720  2726
      2963  2727  2732
      2964  2733  2738
      2965  2739  2744
      2966  2745  2750
      2967  2751  2756
      2968  2757  2762
      2969  2763  2768
      2970  2769  2774
      2971  2775  2780
      2972  2781  2786
      2973  2787  2792
      2974  2793  2798
      2975  2799  2804
      2976  2805  2810
      2977  2811  2816
      2978  2817  2822
      2979  2823  2828
      2980  2829  2834
      2981  2835  2840
      2982  2841  2846
      2983  2847  2852
      2984  2853  2858
      2985  2859  2864
      2986  2865  2870
      2987  2871  2876
      2988  2877  2882
      2989  2883  2888
      2990  2889  2894
      2991  2895  2900
      2992  2901  2906
      2993  2907  2912
      2994  2913  2918
      2995  2919  2924
      2996  2925  2930
      2997  2931  2936
      2998  2937  2942
      2999  2943  2948
      3000  2949  2954
      3001  2955  2960
      3002  2961  2966
      3003  2967  2972
      3004  2973  2978
      3005  2979  2984
      3006  2985  2990
      3007  2991  2996
      3008  2997  3002
      3009  3003  3008
      3010  3009  3014
